645
643
636
654
647
631
631
630
633
616
595
606
585
588
570
571
580
557
571
553
538
539
536
526
537
520
542
530
511
516
517
516
513
510
511
505
520
504
498
509
496
510
495
505
518
500
503
511
508
501
505
528
515
520
520
527
534
524
507
528
541
516
529
529
538
532
544
544
534
550
548
536
554
557
547
541
548
559
563
547
565
558
566
563
577
555
558
556
584
575
565
583
581
584
580
578
569
588
587
570
584
594
585
596
586
596
599
592
590
586
582
606
592
586
599
610
587
600
587
591
609
595
592
595
606
592
595
595
592
598
610
610
603
595
607
609
600
588
599
606
613
606
589
602
587
584
584
589
611
603
603
593
594
600
584
577
592
576
584
601
597
585
585
604
601
595
586
582
587
594
594
594
583
590
601
594
578
599
593
587
597
602
607
590
601
605
613
595
595
596
594
607
600
605
601
599
621
623
601
602
618
621
600
616
610
622
610
609
616
606
609
611
624
620
617
632
633
606
612
618
629
623
619
620
626
614
611
622
622
623
618
630
619
615
640
639
616
620
616
636
629
622
622
622
624
622
631
642
641
642
623
636
625
633
631
628
635
634
648
633
637
650
650
651
647
631
638
650
652
630
632
653
636
647
639
648
641
659
643
644
655
642
643
639
646
640
642
648
650
634
642
657
643
649
664
663
651
654
652
651
667
653
646
655
666
647
645
658
648
646
663
648
654
644
658
661
650
646
652
638
653
632
634
626
624
627
613
592
612
592
586
579
581
573
555
566
559
563
554
536
531
537
524
521
510
512
511
514
525
503
504
513
499
514
494
488
512
492
505
505
492
513
512
513
496
520
521
521
507
513
518
520
520
513
510
518
529
521
512
510
528
528
517
517
519
522
522
532
522
545
529
540
536
522
550
558
552
544
544
541
552
544
543
551
547
568
548
562
572
556
548
561
567
580
583
575
563
572
580
568
561
566
590
569
579
581
566
579
577
586
581
572
599
603
579
586
582
595
601
593
584
584
594
585
590
579
601
603
591
587
604
606
595
597
595
599
582
577
584
595
580
587
577
587
597
585
591
589
579
586
591
591
587
583
572
573
579
573
574
594
595
587
579
594
581
590
573
577
565
587
574
583
574
586
593
587
581
569
579
592
574
584
586
580
592
591
589
599
588
600
588
576
604
600
596
584
589
607
609
599
589
606
595
604
594
590
599
614
605
597
618
603
608
601
595
609
602
603
604
590
591
604
607
604
592
610
601
610
603
615
598
609
596
609
600
608
614
614
616
606
625
619
610
615
630
617
606
617
619
615
609
619
621
629
615
615
628
615
615
620
627
618
629
624
618
616
626
634
625
633
620
617
622
633
630
630
637
640
640
616
622
641
625
652
628
632
626
636
630
638
622
640
636
630
637
628
641
654
648
634
643
659
643
648
633
636
659
655
645
647
661
652
652
653
659
674
650
658
655
640
662
645
654
656
653
638
634
639
644
643
635
622
635
640
625
614
611
607
602
593
593
583
560
581
576
567
547
552
546
543
540
535
531
535
526
502
523
518
511
519
503
506
491
507
486
503
517
505
499
507
496
493
513
516
502
509
521
515
515
509
495
526
526
510
516
512
517
537
528
522
522
539
534
528
522
556
535
525
533
548
550
517
531
542
543
557
544
544
543
563
568
554
556
563
552
562
548
556
562
551
571
573
568
570
561
567
567
573
591
582
578
578
576
585
588
584
576
588
594
574
577
576
581
602
605
586
595
582
594
599
590
580
581
596
589
589
588
596
600
591
580
587
584
595
586
585
590
583
592
591
578
584
581
589
586
591
597
590
580
578
599
592
590
571
572
577
595
571
570
596
579
593
573
582
586
594
585
575
585
583
589
596
578
605
587
595
579
574
597
593
579
593
574
601
586
592
585
603
587
589
598
588
603
590
596
584
599
594
609
593
597
604
612
614
592
596
596
620
607
610
614
612
608
597
607
616
603
618
614
605
622
612
627
616
613
608
630
610
622
623
628
630
622
618
603
606
627
609
614
617
617
634
619
620
627
639
638
616
624
636
625
622
622
627
626
636
628
622
642
636
627
632
628
627
649
645
638
644
651
654
621
636
622
638
626
633
643
641
642
625
637
622
631
643
649
645
653
642
646
631
636
643
654
643
646
630
654
648
644
643
644
633
645
661
646
640
642
663
646
653
651
640
658
639
631
645
648
636
616
634
626
613
606
588
607
589
581
580
578
582
554
549
557
543
549
535
536
526
527
524
526
527
511
527
523
517
509
512
496
517
489
496
489
517
496
489
499
492
516
498
500
491
515
501
491
508
510
497
516
501
512
513
509
532
514
517
536
521
533
533
541
533
527
529
540
528
547
566
546
551
554
550
559
537
546
545
545
554
557
556
571
569
560
561
571
569
558
565
573
585
583
566
560
559
571
573
566
577
569
590
597
568
590
575
585
601
578
591
605
590
594
589
581
602
613
604
595
602
609
601
583
598
607
610
595
592
595
614
601
590
594
580
587
591
581
586
581
582
594
593
584
580
585
591
585
593
575
582
579
582
595
583
580
576
592
597
577
577
584
590
580
603
594
589
574
579
595
578
578
600
586
583
585
577
593
586
586
592
595
601
590
600
591
576
594
583
585
589
581
605
597
594
594
615
596
594
605
591
599
621
615
606
600
620
620
601
608
620
621
607
610
605
628
629
605
608
624
618
627
619
616
611
631
624
619
608
624
614
626
628
608
624
637
630
620
638
639
626
636
634
637
622
628
623
614
619
645
645
627
618
645
634
622
629
646
626
653
631
640
649
640
640
639
635
652
634
640
641
657
630
645
639
638
633
631
654
646
634
634
643
650
646
630
645
632
652
645
661
658
655
653
641
660
649
663
649
657
666
669
656
656
668
666
666
666
653
658
668
673
659
656
652
665
653
647
661
671
651
637
648
652
660
649
653
640
639
641
651
640
645
631
619
622
614
617
613
612
582
576
581
570
588
557
557
546
556
541
530
523
550
520
526
525
502
507
505
515
498
492
510
503
502
498
491
499
491
480
491
491
490
498
497
502
515
510
483
506
505
512
507
498
492
516
515
512
503
522
502
520
527
507
500
531
528
512
520
520
521
525
523
537
535
541
535
526
521
533
526
523
533
538
539
543
526
528
551
542
549
537
529
549
552
532
545
541
554
540
540
543
535
550
555
542
537
547
554
541
557
578
570
560
544
560
547
579
552
567
554
573
578
574
557
562
555
559
563
568
584
564
558
569
569
573
562
579
568
572
560
569
572
559
554
586
587
577
567
558
569
566
571
568
571
574
583
566
566
564
561
579
564
569
566
579
567
574
572
574
578
568
581
587
570
576
573
585
571
577
560
570
580
579
575
575
576
585
590
584
573
574
569
575
579
585
597
587
603
582
574
594
597
588
585
595
587
610
590
587
578
587
600
589
598
606
598
600
605
606
589
599
598
602
587
601
600
589
605
593
590
621
599
600
613
610
597
600
602
602
611
603
603
622
620
615
601
612
607
626
610
621
621
620
610
618
607
618
628
626
606
621
621
612
632
613
617
612
632
617
629
618
629
627
619
623
626
638
624
629
621
617
632
635
616
627
623
635
632
618
633
638
619
622
623
630
652
648
626
621
637
639
643
641
646
644
638
650
630
621
625
640
653
635
649
639
653
635
650
635
645
628
633
634
643
645
634
644
642
651
654
642
626
654
628
638
617
612
618
629
608
605
588
608
599
580
570
562
560
552
548
545
529
528
535
521
524
511
529
514
500
500
520
489
491
494
501
478
502
485
479
490
486
494
491
487
498
494
497
490
486
493
479
485
495
501
494
506
488
489
496
519
512
506
504
513
508
519
510
502
509
520
515
508
517
533
528
530
539
534
535
535
530
531
532
532
540
525
547
545
533
533
545
536
535
533
542
552
550
555
534
553
560
549
544
558
552
559
546
556
550
544
539
561
562
558
563
574
583
554
556
580
565
555
556
560
581
567
568
568
581
572
586
558
562
563
579
565
572
568
579
573
581
570
574
566
586
570
571
563
580
576
565
572
578
569
566
574
575
578
563
583
572
579
583
591
557
566
573
566
565
575
570
587
565
566
567
576
566
578
582
568
563
585
576
561
569
580
567
569
583
573
587
575
570
574
557
576
579
564
569
578
594
590
573
581
594
591
582
588
595
592
582
593
578
585
592
590
579
600
595
608
592
592
590
605
595
587
583
594
596
592
612
594
600
614
599
606
600
612
614
598
609
618
593
607
601
602
621
602
602
607
610
596
602
607
592
603
622
611
621
615
608
599
612
616
605
607
627
624
617
621
635
612
618
612
614
635
620
617
621
621
638
631
625
628
625
627
634
618
622
620
643
642
624
635
624
633
625
630
625
626
637
644
638
632
643
647
631
627
638
645
647
636
639
640
647
639
640
654
640
651
643
646
657
642
650
649
635
656
654
644
647
657
662
656
638
645
648
644
641
653
642
661
645
641
646
632
640
644
638
631
652
638
640
624
618
620
624
598
601
593
588
577
566
567
544
555
564
536
540
529
546
534
525
526
523
517
494
499
489
489
492
484
486
487
479
493
471
483
473
473
494
485
471
491
492
489
481
484
477
480
491
481
488
497
499
494
498
506
487
505
491
498
511
502
491
503
510
501
509
495
514
525
524
512
509
508
529
525
514
518
522
521
521
530
522
534
525
531
522
525
527
544
541
537
522
535
536
528
533
536
541
549
532
539
547
538
551
538
535
556
537
548
546
543
556
559
538
547
541
550
547
550
543
545
546
542
546
547
550
543
540
544
548
542
554
544
543
538
542
541
539
534
538
539
541
534
540
535
531
523
531
524
529
536
530
523
533
520
532
518
516
527
526
522
515
513
516
516
517
513
509
514
512
510
509
515
508
515
509
507
513
514
506
507
519
514
517
507
512
511
506
513
512
505
514
515
514
508
502
510
511
510
506
510
515
516
503
506

