69
291
272
272
278
266
296
269
274
269
274
293
279
275
279
291
269
288
277
273
268
291
283
282
288
304
290
290
293
302
309
294
298
301
324
297
304
310
311
322
310
314
322
322
335
318
326
324
320
315
342
330
332
340
318
327
325
328
329
324
327
329
331
330
325
325
321
312
321
326
322
313
308
308
306
300
304
304
293
278
271
261
261
239
231
211
216
208
191
177
174
170
144
136
122
122
118
112
91
85
61
67
66
56
49
60
51
43
40
41
41
37
32
33
36
37
31
31
31
28
31
28
31
29
35
28
31
33
32
36
32
32
34
31
36
33
36
38
37
47
35
41
44
53
57
47
51
49
50
58
62
62
64
64
68
78
78
76
97
91
84
89
105
76
95
109
108
107
130
107
112
120
132
115
130
129
132
144
141
133
136
133
121
131
141
145
137
157
143
142
145
129
141
144
146
150
135
152
143
137
129
132
136
145
146
147
149
144
143
142
135
145
150
151
151
135
155
148
150
144
147
163
155
155
151
162
158
164
158
153
158
167
172
160
176
179
176
177
175
162
185
186
186
174
195
185
187
185
201
187
197
195
205
199
196
201
203
205
216
214
216
225
228
227
217
219
241
245
236
238
245
235
254
236
245
254
235
249
253
251
256
264
267
262
262
263
267
263
268
265
257
239
241
236
235
221
250
246
244
264
267
255
249
259
255
251
250
256
259
257
259
256
267
267
261
261
268
274
266
275
277
273
266
296
286
293
294
286
282
304
294
295
307
278
293
286
289
280
280
278
268
263
247
243
246
237
223
223
203
191
183
163
158
159
147
140
123
128
107
95
97
107
101
84
78
81
76
70
63
57
56
58
59
57
53
56
58
43
48
49
56
58
51
51
49
72
61
54
52
51
66
66
62
60
77
68
61
66
64
59
86
71
76
74
76
74
77
81
82
94
92
97
94
90
98
112
103
101
101
114
113
119
117
114
108
126
122
128
123
136
136
137
143
122
128
141
141
143
161
155
152
152
142
159
152
150
166
161
153
162
159
169
146
143
154
156
164
145
148
161
161
148
145
156
151
149
137
166
152
151
156
167
153
152
149
139
160
149
155
158
147
150
150
151
131
146
154
149
152
152
155
155
157
156
172
157
167
166
168
186
180
164
170
188
163
181
185
175
180
168
181
178
182
169
185
185
188
174
199
181
188
185
186
177
180
191
192
177
190
190
194
192
182
210
223
221
246
213
220
228
232
230
231
237
238
234
236
231
243
239
237
230
250
252
253
246
245
243
259
254
250
274
263
263
268
258
269
267
267
275
277
274
273
273
285
274
277
279
271
263
280
283
287
285
269
293
286
283
283
286
285
284
287
289
272
269
261
258
240
249
242
233
217
205
206
189
187
158
159
150
148
144
128
96
104
91
78
88
77
66
58
60
33
37
41
38
36
38
34
31
30
24
31
28
26
25
28
25
26
28
26
22
29
27
26
30
31
29
27
26
29
24
27
27
30
24
33
29
29
30
26
32
29
29
29
26
32
32
36
34
35
38
37
36
44
38
46
45
45
43
51
47
52
50
48
66
65
66
74
73
82
78
79
71
97
97
91
91
96
85
91
98
99
80
95
104
104
114
105
107
108
104
104
112
110
109
103
99
114
94
106
101
101
113
102
100
101
90
98
96
96
98
112
106
95
93
89
113
81
92
95
82
104
98
95
95
90
105
81
91
93
82
100
95
99
102
100
95
98
100
108
109
95
99
102
121
104
96
98
102
115
110
110
114
116
108
121
114
117
112
124
121
126
122
122
128
133
132
134
139
136
133
139
144
154
143
141
147
159
154
147
150
154
151
158
157
154
160
181
159
165
168
164
159
163
169
178
182
189
189
186
185
174
182
189
194
198
201
192
203
205
195
188
201
208
208
221
210
218
210
208
206
221
216
218
217
219
207
219
220
216
227
210
213
210
202
213
198
199
183
201
183
171
155
147
146
138
130
119
105
98
92
87
73
55
57
54
47
37
34
33
32
31
33
34
31
27
27
22
24
24
24
24
21
21
23
23
22
23
22
22
22
21
20
21
22
22
21
21
21
23
22
23
25
25
23
23
21
22
22
24
23
22
21
22
24
24
27
25
25
26
27
24
26
28
28
26
33
31
30
30
35
29
30
34
35
32
39
39
42
43
40
47
56
55
58
67
69
62
68
82
74
70
78
79
87
90
72
83
87
105
76
92
94
96
101
100
86
90
99
98
90
98
95
97
96
92
97
98
98
115
114
96
98
95
112
102
104
96
104
101
112
103
102
114
105
105
100
106
102
96
112
115
129
126
109
116
115
126
129
121
122
126
107
114
123
127
139
123
127
134
137
139
147
135
135
138
151
139
143
143
139
162
145
152
149
160
159
161
157
159
152
166
166
167
163
165
171
171
174
174
179
180
179
180
170
174
202
190
192
200
182
192
186
199
215
195
203
202
208
220
200
211
210
218
219
222
217
227
200
212
226
224
237
231
237
238
233
234
247
246
239
244
261
250
245
250
259
262
239
249
247
253
248
244
254
252
262
255
245
244
242
226
221
233
222
217
201
203
187
185
175
171
162
153
146
130
122
114
105
93
86
81
78
73
75
70
51
48
43
38
41
37
38
36
31
29
31
32
29
34
32
30
31
27
32
26
29
30
27
25
29
31
30
28
26
30
30
32
35
32
34
35
34
40
37
36
37
41
35
43
45
46
48
43
39
50
50
58
63
50
61
65
80
70
71
68
73
72
86
83
85
90
99
102
96
102
112
104
119
112
112
105
115
109
118
116
121
130
129
128
125
119
128
124
122
123
124
139
128
124
123
113
117
124
123
119
116
119
125
128
109
138
122
123
123
115
117
121
121
113
114
118
118
106
109
125
122
122
116
104
113
116
120
112
113
129
121
130
122
130
131
130
131
126
144
142
145
140
132
150
144
149
148
154
149
152
158
171
151
161
164
156
188
173
173
174
159
191
172
178
171
186
181
188
190
198
177
204
202
194
211
195
211
216
215
213
226
224
224
225
210
234
235
237
241
239
241
237
242
242
262
250
251
252
250
252
254
254
249
247
259
263
270
271
277
271
274
278
262
277
282
287
288
307
281
293
297
295
322
312
305
307
308
316
299
297
310
306
306
313
313
311
329
308
305
302
313
319
296
291
290
273
269
266
260
243
221
245
230
217
216
174
192
183
164
157
167
139
135
128
100
118
106
85
95
107
79
73
81
73
88
76
72
71
67
69
71
63
66
83
69
69
62
62
90
66
71
71
74
105
72
78
60
67
74
65
71
62
58
64
54
53
59
46
79
64
79
81
88
83
86
91
88
92
109
106
102
112
89
105
115
115
133
117
131
135
142
128
151
149
155
150
137
150
180
191
190
187
197
209
214
216
227
214
226
232
223
234
236
236
246
230
239
246
248
223
232
248
255
248
235
243
258
254
253
277
247
253
252
249
237
255
256
257
259
265
245
255
255
248
258
257
262
256
252
256
263
264
259
273
267
273
274
265
279
270
275
280
304
290
283
287
285
280
289
291
292
309
291
297
300
303
330
313
306
307
310
308
326
322
324
314
341
324
332
332
342
340
342
342
344
319
340
346
344
343
336
350
350
356
356
368
368
353
356
353
354
366
370
364
387
374
372
367
366
373
377
379
380
380
386
383
384
380
397
382
395
398
387
409
398
400
401
388
398
403
413
414
423
412
416
416
413
410
431
423
422
444
440
418
422
422
432
427
423
425
416
440
413
414
411
392
395
405
395
397
368
372
368
354
349
355
337
318
310
296
265
271
259
250
251
248
216
211
210
192
189
181
172
168
174
152
155
147
147
128
138
140
135
148
133
138
139
139
118
140
135
130
134
122
136
141
141
132
133
129
144
143
141
143
154
155
159
137
154
156
163
181
148
167
167
171
182
179
180
178
169
168
186
184
191
197
177
196
198
198
189
201
207
221
227
203
231
228
230
243
258
236
250
250
242
249
254
257
261
280
256
272
272
276
253
280
272
274
274
281
281
279
283
284
282
291
282
284
309
282
286
291
286
307
279
285
281
263
282
283
287
286
287
288
283
280
285
260
276
279
281
284
286
279
277
275
267
285
275
281
280
304
283
281
261
251
232
249
253
254
269
255
251
253
259
267
265
264
262
263
262
272
266
269
271
259
268
277
278
269
273
272
285
284
312
296
295
299
305
288
307
303
303
306
299
311
313
312
327
317
313
315
322
342
317
326
330
326
313
327
328
329
338
328
332
338
336
333
341
339
340
335
364
348
349
351
368
355
346
356
359
361
371
362
371
367
391
377
368
368
357
368
381
377
376
380
368
380
378
381
378
376
382
378
382
392
366
368
368
347
374
360
356
352
325
332
326
318
314
310
299
280
273
246
265
230
225
212
208
203
193
183
167
161
156
153
148
139
156
126
131
128
128
102
125
113
116
88
111
110
103
102
119
107
104
104
109
128
104
109
110
106
99
115
113
114
135
116
121
123
114
141
131
126
126
144
149
129
137
139
140
145
138
141
152
170
148
155
155
158
165
159
161
167
175
169
168
175
182
200
173
185
186
208
188
194
203
203
179
198
212
213
215
235
221
221
224
223
219
235
227
228
224
219
230
236
237
246
229
232
230
238
230
230
239
237
222
239
241
227
230
256
245
226
231
231
251
221
224
226
216
202
223
226
227
235
215
223
220
218
214
229
215
221
224
228
224
217
223
219
209
219
229
226
223
240
229
229
232
234
236
233
238
242
244
244
235
239
246
230
243
251
252
264
246
251
253
253
262
255
266
265
268
263
265
266
266
271
282
274
274
277
282
266
276
279
288
299
296
281
286
278
291
283
290
289
289
298
285
291
292
276
289
292
296
296
285
296
299
305
292
292
302
297
300
316
304
308
309
307
324
299
305
306
284
289
308
307
304
308
297
309
300
295
307
306
302
298
307
297
289
293
292
316
293
279
280
269
257
258
247
246
239
215
230
212
203
198
189
166
160
148
144
139
126
120
102
99
92
86
81
84
57
72
67
61
57
61
55
51
49
45
42
53
45
46
47
52
50
48
48
64
63
60
64
72
54
80
75
76
78
90
80
86
93
90
72
91
95
94
105
114
101
108
106
119
115
113
120
124
136
143
136
137
138
144
144
153
150
165
159
160
170
170
193
185
182
185
179
207
191
201
201
198
197
210
207
209
203
220
221
220
220
241
212
226
226
233
222
235
230
231
229
243
232
233
236
248
229
235
237
240
244
241
235
233
226
238
241
242
237
234
245
233
240
237
261
237
244
245
239
256
249
243
243
248
250
258
251
244
259
253
255
253
265
275
258
259
265
275
279
263
268
277
284
275
283
280
277
287
296
287
289
280
293
299
299
302
299
310
305
303
298
304
312
318
319
317
317
309
324
326
327
325
335
336
340
332
348
340
340
344
337
347
350
353
371
354
283
354
356
349
359
362
365
365
384
354
368
364
370
384
374
375
378
377
370
386
381
378
373
391
391
397
399
391
394
400
402
389
406
412
412
416
407
413
416
418
426
429
420
423
423
430
424
417
419
426
427
413
420
415
417
420
413
401
394
394
400
387
370
360
344
320
330
315
307
298
275
274
265
263
234
247
228
224
208
201
203
202
199
193
182
176
176
168
174
176
166
166
161
160
162
158
155
162
155
157
157
153
154
162
158
159
171
160
164
166
170
174
186
166
173
174
193
188
185
190
194
169
189
198
203
195
186
209
218
216
195
229
227
225
237
215
249
248
252
253
255
256
264
268
274
278
283
285
289
305
285
307
302
304
327
307
316
317
314
331
331
324
330
344
342
336
343
349
345
348
345
348
354
351
344
354
354
355
360
350
352
349
349
344
371
354
346
339
362
350
354
362
348
355
356
355
338
350
352
358
350
333
345
362
362
362
335
348
357
357
377
344
362
362
358
354
349
354
355
367
371
366
362
362
350
374
352
357
359
339
371
362
361
369
376
368
364
365
363
371
360
377
375
376
354
369
376
374
363
390
385
383
384
399
388
384
386
385
408
382
390
392
395
389
393
394
406
395
397
402
402
408
424
397
406
409
384
399
410
417
418
430
409
421
425
423
438
428
434
437
441
429
435
434
444
435
452
455
450
451
471
452
453
455
453
470
452
466
467
452
459
465
471
469
468
483
476
474
475
489
481
472
470
467
458
465
467
462
448
459
442
445
435
421
434
419
410
401
404
385
370
356
330
336
325
320
314
279
306
282
279
267
267
267
261
260
248
237
248
245
242
231
238
231
242
236
232
236
237
239
240
252
245
237
236
244
229
232
240
241
257
246
250
251
251
238
267
259
266
270
258
276
285
294
284
290
317
312
315
334
334
338
346
356
372
343
360
364
392
364
378
383
391
420
395
403
412
424
437
443
447
453
461
446
471
474
485
470
493
515
501
504
505
506
508
511
527
510
513
520
522
544
512
530
525
525
513
536
526
530
527
520
515
523
520
510
534
515
513
511
514
495
512
498
491
511
486
480
473
478
463
458
460
462
467
440
456
452
455
457
445
450
453
458
460
465
462
461
453
481
471
464
465
461
470
474
474
477
465
478
479
476
468
490
492
486
484
498
480
484
484
489
488
491
492
489
491
478
491
492
494
506
504
497
499
502
496
488
507
504
497
498
504
511
508
501
530
504
515
513
496
503
529
521
527
543
530
522
522
529
546
520
531
531
539
554
530
534
532
537
526
536
543
539
522
533
538
537
536
524
546
541
541
565
528
539
537
543
526
541
538
542
543
555
532
529
532
552
540
532
524
522
493
509
514
503
503
508
496
483
476
474
464
443
436
424
409
420
392
389
372
364
354
341
334
330
321
326
309
304
310
272
282
279
275
277
281
268
265
264
266
262
258
257
260
256
248
258
258
253
242
260
254
259
258
252
255
259
267
274
258
257
258
258
272
263
262
265
264
272
269
267
280
289
269
280
276
281
264
279
284
287
260
312
289
296
299
302
303
299
305
313
335
306
316
317
326
304
328
325
327
317
347
339
339
342
370
356
348
349
359
335
362
366
364
351
376
365
362
351
343
367
371
368
365
376
374
369
370
357
357
370
379
378
380
385
380
378
387
399
379
388
390
391
396
397
394
396
420
400
401
403
415
386
411
414
417
419
429
418
428
430
410
432
432
436
440
463
439
451
448
461
483
446
457
461
461
483
465
474
479
478
483
481
485
495
510
494
498
501
497
506
506
506
507
501
513
514
519
522
526
528
519
528
520
508
524
531
532
533
552
534
531
531
517
548
535
540
542
513
544
548
541
552
525
548
548
552
534
570
553
554
560
577
564
564
563
560
545
575
562
568
565
577
573
571
568
593
579
564
568
572
551
578
575
575
569
589
572
571
573
539
561
573
568
571
549
559
560
557
552
536
551
541
534
530
513
513
509
507
485
488
490
483
469
438
456
446
440
439
451
426
414
407
409
410
392
385
386
391
380
376
374
376
393
371
363
363
366
342
361
360
363
361
370
371
361
363
358
362
371
372
373
378
357
377
378
385
379
387
393
395
394
393
400
402
406
425
411
415
415
418
432
422
426
431
410
423
426
439
445
450
437
444
447
452
442
440
453
453
448
446
457
456
457
466
462
459
464
462
450
468
460
460
463
469
467
465
464
463
472
472
464
465
470
457
466
464
465
478
468
461
459
450
469
472
461
464
455
470
461
461
470
483
461
469
470
467
474
479
471
469
481
491
477
476
479
463
482
480
481
485
469
484
490
491
508
495
500
495
503
480
512
505
506
508
494
501
509
512
505
533
516
522
525
535
522
527
526
524
542
542
535
539
532
544
539
540
544
555
535
551
550
561
576
551
559
558
555
547
559
565
568
559
572
580
578
576
582
578
588
591
588
588
598
598
602
603
614
615
620
619
634
607
625
632
631
624
642
642
648
648
630
647
654
658
661
675
667
668
673
682
685
679
678
676
702
698
690
695
689
704
698
694
697
700
709
716
701
694
691
703
703
699
705
678
702
694
691
684
691
674
669
667
658
657
651
643
635
617
601
607
594
586
597
572
565
553
523
528
518
526
519
545
509
510
505
493
503
485
489
482
476
485
482
479
475
441
463
471
470
461
494
464
471
471
465
472
470
467
460
482
473
466
478
477
450
489
481
476
479
503
474
483
481
498
467
480
480
484
501
483
492
490
490
467
496
491
497
493
513
504
504
505
496
488
505
512
508
528
508
517
515
522
537
528
519
521
517
519
523
528
527
534
529
530
531
527
518
527
537
539
532
541
541
539
537
536
537
536
546
542
558
543
540
539
540
523
535
541
539
523
515
549
538
534
546
544
540
541
541
512
531
533
539
524
541
546
538
539
525
525
531
535
538
514
543
541
540
540
525
545
541
541
516
529
541
543
538
540
536
536
534
542
547
536
533
534
532
520
528
524
526
533
534
527
528
525
518
529
521
518
506
531
530
516
517
513
511
515
510
507
510
518
510
507
506
489
491
495
495
493
492
493
490
490
488
486
482
472
470
470
463
462
459
459
472
451
447
443
457
429
430
429
423
439
425
418
414
420
406
420
406
399
392
411
387
389
378
384
383
362
362
355
360
334
336
330
318
297
311
297
284
261
250
242
232
213
206
193
177
165
147
125
130
116
104
93
90
74
64
55
43
39
37
34
33
30
31
30
27
26
28
26
24
24
24
25
24
22
22
21
21
22
21
20
21
18
21
20
20
19
21
19
19
20
19
19
19
19
19
19
19
19
19
19
20
19
20
20
20
19
21
20
21
21
20
20
21
21
20
23
22
22
23
26
23
24
24
26
28
26
26
27
27
26
27
29
29
31
30
28
31
31
32
29
32
31
31
29
32
32
30
30
29
29
29
30
31
30
31
29
29
28
27
27
29
27
28
29
27
27
27
26
29
26
26
27
27
27
28
26
26
28
26
27
26
21
28
24
25
25
24
23
26
26
25
26
27
25
26
25
26
26
26
27
26
26
27
27
27
28
30
30
28
29
29
28
31
30
30
31
31
30
31
31
31
29
32
31
31
33
35
32
31
31
30
30
31
29
28
30
27
27
26
27
24
24
24
24
24
22
22
24
23
25
21
23
22
22
22
24
22
22
21
21
21
20
21
21
22
21
21
21
21
21
21
21
21
21
20
21
21

