99
264
100
268
100
272
100
277
101
282
102
287
103
292
104
297
105
303
106
309
107
315
108
321
109
328
110
335
111
342
112
349
113
356
114
363
115
371
116
379
117
386
118
394
119
401
120
408
121
415
122
422
123
429
124
435
125
441
126
447
127
453
128
458
129
463
130
467
130
471
130
474
130
477
130
480
130
482
130
484
130
486
130
487
130
488
130
488
130
488
130
488
130
488
130
488
130
487
130
486
130
485
130
484
130
483
130
482
130
481
130
480
130
479
130
478
130
477
130
476
130
475
130
474
130
473
130
472
130
471
130
470
130
469
130
468
130
468
130
468
130
468
130
468
130
468
130
468
130
468
130
468
130
469
130
470
130
471
130
472
130
473
130
474
130
476
130
478
130
480
131
482
131
484
131
486
131
488
132
491
133
494
134
497
135
500
136
504
137
508
138
512
139
516
140
520
141
524
142
529
143
534
144
539
145
544
146
549
147
554
148
560
149
566
150
572
151
578
152
584
153
590
154
596
155
602
156
608
157
614
158
620
159
626
160
632
161
638
162
644
163
650
164
656
165
662
166
668
167
674
168
680
169
686
170
692
171
698
172
704
173
710
174
716
176
722
177
728
178
734
179
740
180
747
181
754
182
761
183
768
184
775
185
782
186
789
188
796
189
804
190
812
191
820
192
827
193
834
194
841
196
847
197
853
198
859
199
865
200
870
202
875
204
880
205
885
206
890
207
894
208
898
209
902
210
906
211
910
212
914
213
917
214
920
215
923
216
926
217
929
218
932
219
935
220
938
221
940
222
942
223
944
224
946
225
948
226
950
227
952
229
954
230
956
231
958
233
960
235
961
236
962
238
963
240
964
242
965
244
966
245
967
246
968
247
969
249
970
250
971
251
972
252
973
253
974
254
975
255
976
256
977
257
978
258
979
259
980
260
981
261
982
262
983
262
984
262
985
262
985
261
985
260
986
259
986
257
986
255
985
252
982
249
976
246
968
243
958
239
946
235
933
231
918
227
902
222
885
217
867
212
848
207
828
202
807
197
786
192
765
187
743
182
721
177
699
172
677
167
654
162
631
158
609
154
587
150
565
146
544
142
523
138
503
134
483
130
464
126
446
123
429
120
412
117
396
114
381
111
366
108
352
105
339
102
326
100
314
98
303
96
292
94
282
92
273
90
264
89
256
88
248
87
241
86
235
85
229
84
224
83
219
82
215
81
211
80
208
80
205
80
203
80
201
80
199
80
198
80
197
80
197
80
197
80
197
80
197
80
198
80
199
80
200
80
201
80
202
80
203
80
205
80
206
80
208
80
210
80
212
80
214
80
216
80
218
81
221
82
224
82
227
83
230
84
233
85
237
86
241
87
245
88
249
89
253
90
257
91
262
92
267
93
272
94
277
95
282
96
287
97
292
98
297
99
302
100
307
101
313
102
319
103
325
104
331
105
337
106
343
107
348
108
353
109
358
110
363
111
368
112
373
113
378
114
383
115
387
116
391
117
395
118
399
118
402
118
405
118
408
118
411
118
413
118
415
118
417
118
419
118
421
118
423
118
425
118
426
118
427
118
428
118
429
118
430
118
431
118
432
118
433
118
434
118
435
118
436
118
437
118
438
118
439
118
440
118
441
118
441
118
442
118
442
118
443
118
444
118
445
118
446
118
447
118
449
119
451
119
453
120
455
121
458
121
461
122
464
123
467
124
470
125
474
126
478
127
482
128
486
129
490
130
494
131
499
132
504
133
509
134
514
135
519
136
524
137
529
138
534
139
539
140
544
141
549
142
554
143
559
144
564
145
569
146
574
147
579
148
584
149
589
150
595
151
601
152
607
153
613
154
620
155
627
156
634
157
641
158
648
159
655
160
662
161
669
162
676
163
683
164
690
165
697
166
704
167
711
168
718
169
725
170
732
171
739
172
745
173
751
174
757
175
763
176
769
177
775
178
781
179
787
180
792
181
797
182
802
183
807
184
812
185
817
186
822
187
827
188
832
189
837
190
842
191
847
192
852
193
857
194
862
195
867
196
872
197
877
198
882
199
887
200
891
201
895
202
899
203
903
204
907
205
911
206
914
207
917
208
920
209
923
210
926
211
929
212
932
213
935
214
938
215
940
215
942
216
944
217
946
218
948
219
950
220
952
221
954
222
956
223
958
224
960
225
961
226
962
227
963
228
964
229
965
230
966
231
967
231
968
232
969
233
970
234
971
235
972
236
973
237
974
238
975
239
976
240
977
241
978
241
979
242
980
243
981
244
982
245
983
246
984
247
985
248
985
249
985
250
985
251
985
251
986
251
986
251
986
251
986
251
986
250
986
249
986
248
986
247
986
245
985
242
982
239
977
236
970
233
961
229
951
225
939
221
926
217
911
212
895
208
878
203
860
198
841
193
821
188
801
183
781
178
760
173
739
168
718
164
696
160
674
156
652
152
631
148
610
144
589
140
568
136
548
132
528
128
508
125
489
122
471
119
453
116
436
113
420
110
405
107
390
104
376
102
363
100
351
98
340
96
329
94
319
92
309
90
300
88
292
87
285
86
278
85
272
84
267
83
262
82
258
81
254
80
251
80
248
80
246
80
244
80
242
79
241
79
240
79
240
79
240
79
240
79
240
79
241
79
242
79
243
79
244
79
245
79
246
79
248
79
250
79
252
79
254
79
256
79
258
79
261
79
264
79
267
79
270
80
273
81
276
82
280
83
284
84
288
85
292
86
297
87
302
88
307
89
313
90
319
91
325
92
331
93
338
94
345
95
352
96
359
97
366
98
373
99
380
100
388
101
396
102
404
104
412
105
419
106
426
107
433
108
439
109
446
110
452
111
458
112
464
113
470
114
475
115
480
116
485
116
489
117
493
118
497
118
500
118
503
118
506
119
508
120
510
120
512
120
514
120
515
120
516
120
517
120
518
120
519
120
520
120
521
120
522
120
523
120
524
120
525
120
526
120
527
120
529
120
531
120
533
120
535
120
537
120
539
120
541
120
543
121
545
122
547
122
549
122
551
123
554
124
557
125
560
126
563
127
566
128
569
128
572
129
575
130
578
131
582
132
586
133
590
134
594
134
598
135
602
136
606
137
610
138
614
139
618
140
622
141
627
142
632
143
637
144
642
145
647
146
652
147
657
148
662
149
667
150
672
151
677
152
682
153
687
154
693
155
699
156
705
157
711
158
717
159
723
160
729
161
736
162
743
163
750
164
757
165
764
166
771
167
778
168
785
169
793
170
800
171
807
172
814
173
821
174
828
175
835
176
842
177
848
178
854
179
860
180
866
181
871
182
876
183
881
184
886
185
891
186
895
187
899
188
903
189
907
190
911
191
914
192
917
193
920
194
923
195
926
196
929
197
932
198
935
199
938
200
940
201
942
202
944
203
946
204
948
205
950
206
952
207
954
208
956
209
958
210
960
211
962
212
963
213
964
214
965
215
966
216
967
217
968
218
969
219
970
220
971
221
972
222
973
223
974
224
975
225
976
226
977
227
978
228
979
229
980
230
981
231
982
232
983
233
984
234
985
235
985
236
985
237
985
238
985
239
985
240
985
241
985
242
985
243
985
244
985
245
985
246
985
247
985
248
985
249
985
250
985
251
985
252
985
253
985
254
985
255
986
256
986
257
986
257
986
257
986
258
986
258
986
258
986
258
986
258
986
258
986
257
986
256
986
255
986
253
986
251
986
249
986
246
986
243
983
240
978
236
972
232
964
228
954
224
943
220
931
216
917
212
902
207
887
202
871
198
854
194
837
190
820
186
803
182
786
178
769
174
752
170
735
166
718
162
701
158
684
154
668
150
652
147
637
143
622
140
608
137
594
134
580
131
567
128
555
125
543
123
532
121
522
119
512
117
503
115
495
113
487
111
480
109
473
108
467
107
461
106
456
105
451
104
447
103
443
102
440
101
437
100
435
99
433
99
431
99
430
99
429
99
429
99
429
99
429
99
429
99
430
99
431
99
433
99
435
99
437
99
439
99
441
99
443
99
446
99
449
99
452
100
455
101
458
102
461
102
464
103
467
103
471
104
475
105
479
106
483
107
487
108
491
109
495
110
499
111
504
112
509
113
514
114
520
115
526
116
532
117
538
118
544
119
550
120
556
121
563
122
570
123
577
124
584
125
591
126
598
127
605
128
612
129
618
130
624
131
630
132
636
133
642
134
648
135
654
136
659
137
664
138
669
139
674
140
679
141
684
142
689
143
694
144
699
145
704
146
709
146
713
147
717
148
721
148
724
148
727
148
730
149
732
149
734
149
735
149
736
149
737
149
738
149
739
149
740
149
741
149
743
149
745
149
747
149
749
149
751
149
753
149
755
149
757
149
759
149
761
149
763
149
765
149
767
149
769
150
771
151
773
152
776
153
779
154
782
155
785
156
788
157
792
158
796
159
800
160
804
161
808
162
812
163
816
164
821
165
826
166
831
167
836
168
841
169
846
170
851
171
857
172
863
173
868
174
873
175
878
176
883
177
888
178
892
179
896
180
900
181
904
182
908
183
912
184
915
185
918
186
921
187
924
189
927
191
930
193
933
195
936
196
938
197
940
198
942
200
944
202
946
204
948
206
950
208
952
210
954
212
956
214
958
216
960
217
962
219
963
220
964
221
965
223
966
225
967
227
968
229
969
230
970
231
971
232
972
233
973
234
974
235
975
236
976
237
977
238
978
239
979
240
980
241
981
242
982
243
983
244
984
245
985
247
986
248
986
249
986
250
986
251
986
252
986
253
986
254
986
255
986
256
986
257
986
258
986
259
986
260
986
261
986
262
986
263
986
264
986
265
986
266
986
267
986
268
986
269
986
270
986
271
986
272
986
273
986
274
986
275
986
276
986
277
986
278
986
278
986
278
986
278
986
279
986
280
986
280
986
280
986
280
986
280
986
280
986
280
986
281
986
281
986
281
986
281
986
281
986
281
986
281
986
281
986
281
986
281
986
281
986
281
986
281
986
281
986
281
986
281
986
281
986
281
986
281
986
281
986
281
986
281
986
281
986
281
986
282
986
283
986
283
986
283
986
283
986
283
986
284
986
285
986
286
986
287
986
288
986
289
986
289
986
290
986
291
986
292
986
293
986
294
986
295
986
296
986
297
986
298
986
299
986
300
986
301
986
301
986
301
986
301
986
301
986
301
986
301
986
300
986
299
986
298
986
296
986
294
986
291
986
288
986
284
986
280
986
276
986
272
986
267
984
262
980
257
974
252
966
247
957
242
946
237
934
232
921
227
907
222
892
217
877
212
861
207
845
202
829
197
813
192
797
187
781
182
765
178
749
174
733
170
718
166
703
162
688
158
674
154
661
150
648
147
635
144
623
141
611
138
600
135
589
132
579
130
570
128
561
126
553
124
545
122
538
120
531
118
525
117
519
116
514
115
509
114
505
113
501
112
498
111
495
110
493
109
491
108
490
107
489
106
489
106
489
106
489
106
490
106
491
106
492
106
493
106
495
106
496
106
498
106
500
106
502
106
504
106
506
106
508
106
510
106
512
106
514
106
516
106
518
106
520
106
522
106
524
106
526
106
528
106
530
106
532
106
534
107
537
108
540
109
543
110
547
110
551
110
555
111
560
112
565
113
570
114
576
115
582
116
588
117
594
118
601
119
608
120
615
121
622
122
629
123
636
124
643
125
650
126
657
127
664
128
671
129
677
130
683
131
689
132
694
133
699
134
704
135
708
136
712
136
716
136
720
137
723
137
726
137
729
137
732
137
734
137
736
137
738
137
740
137
742
137
743
137
744
137
745
137
746
137
747
137
747
137
747
137
747
137
747
137
747
137
747
137
748
137
749
137
750
137
751
137
752
137
753
137
754
137
755
137
756
137
757
137
758
137
759
137
761
137
763
137
765
137
767
137
769
137
771
137
773
138
776
139
779
140
782
141
785
142
788
143
791
144
794
145
797
146
801
147
805
148
809
149
813
150
817
151
821
152
825
153
829
154
833
155
838
156
843
157
848
158
853
159
858
160
864
161
869
162
874
163
879
164
884
165
889
166
893
167
897
168
901
169
905
170
909
171
913
172
916
173
919
174
922
175
925
176
928
177
931
178
934
179
937
180
939
181
941
182
943
183
945
184
947
185
949
186
951
187
953
188
955
189
957
189
959
189
961
190
962
191
963
192
964
193
965
194
966
195
967
196
968
197
969
198
970
198
971
199
972
200
973
201
974
202
975
202
976
202
977
203
978
204
979
205
980
206
981
207
982
208
983
208
984
208
985
209
985
210
985
211
985
212
985
213
985
214
985
215
985
216
985
217
985
218
985
218
985
219
985
220
985
220
985
220
985
221
985
222
985
223
985
223
985
223
985
224
985
225
985
225
985
225
985
226
985
227
985
228
985
229
985
230
986
231
986
231
986
232
986
233
986
233
986
233
986
234
986
235
986
235
986
235
986
235
986
235
986
235
986
236
986
237
986
238
986
238
986
238
986
238
986
238
986
238
986
238
986
238
986
239
986
240
986
240
986
240
986
241
986
241
986
242
986
243
986
243
986
243
986
243
986
243
986
244
986
245
986
245
986
245
986
246
986
247
986
247
986
247
986
248
986
249
986
250
986
251
986
252
986
253
986
254
986
255
986
256
986
257
986
258
986
259
986
260
986
261
986
262
986
263
986
264
986
265
986
266
986
267
986
268
986
269
986
270
986
271
986
271
986
271
986
271
986
271
986
271
986
270
986
269
986
268
986
266
986
264
986
261
986
258
986
255
986
251
986
247
983
243
978
239
972
234
964
229
955
224
944
219
932
214
919
209
905
204
890
199
875
194
859
189
843
184
826
179
809
174
792
169
775
164
757
159
739
155
722
151
705
147
688
143
671
139
655
135
639
131
624
128
609
125
595
122
582
119
569
116
557
113
546
110
536
108
526
106
517
104
509
102
502
100
496
98
490
96
485
95
480
94
476
93
472
92
469
91
466
90
464
89
462
88
461
87
460
86
460
86
460
86
461
86
462
86
463
86
465
86
467
86
469
86
471
86
473
86
476
86
479
86
482
86
485
86
488
86
491
86
494
87
497
88
500
88
503
88
506
88
509
88
512
89
515
90
518
91
521
91
524
92
527
93
531
94
535
95
539
96
543
97
547
98
551
99
556
100
561
101
566
102
571
103
576
104
581
105
586
106
591
107
596
108
601
109
606
110
611
111
616
112
621
113
626
114
631
115
636
116
641
117
645
118
649
119
653
120
657
121
661
121
664
121
667
122
670
122
673
122
676
122
678
122
680
122
682
122
683
122
684
122
685
122
686
122
687
122
687
122
687
122
687
122
686
122
685
122
684
121
682
121
680
121
678
121
676
120
674
119
672
118
670
117
668
116
666
116
664
116
662
115
660
115
658
115
656
115
654
115
653
115
652
115
651
115
650
115
649
115
649
115
649
115
649
115
649
115
649
115
650
115
651
115
652
115
653
115
654
115
656
115
658
115
660
115
662
115
665
116
668
117
671
117
674
117
677
118
680
119
684
120
688
121
692
122
696
123
700
124
704
125
708
126
712
127
717
128
722
129
727
130
732
131
737
132
742
133
747
134
753
135
759
136
765
137
771
138
777
139
783
140
789
141
795
142
801
143
807
144
813
145
819
146
825
147
831
148
837
149
843
150
849
151
855
152
861
153
867
154
872
155
877
156
882
157
887
158
891
159
895
160
899
161
903
162
907
163
911
164
915
165
918
166
921
167
924
168
927
169
930
170
933
171
936
172
938
173
940
174
942
175
944
176
946
177
948
178
950
179
952
180
954
181
956
182
958
183
960
184
962
185
963
186
964
187
965
188
966
189
967
190
968
191
969
192
970
192
971
192
972
193
973
194
974
195
975
196
976
197
977
198
978
199
979
200
980
200
981
200
982
200
983
201
984
201
985
201
985
202
985
202
985
202
985
202
985
202
985
202
985
202
985
202
985
202
985
202
985
202
985
202
985
203
985
204
986
204
986
204
986
204
986
204
986
204
986
204
986
204
986
204
986
204
986
204
986
204
986
204
986
204
986
205
986
206
986
207
986
207
986
207
986
207
986
207
986
207
986
207
986
208
986
209
986
209
986
209
986
210
986
211
986
211
986
211
986
211
986
211
986
211
986
211
986
212
986
213
986
214
986
214
986
214
986
214
986
215
986
215
986
215
986
215
986
215
986
215
986
215
986
215
986
215
986
214
986
213
986
212
986
210
986
208
984
206
979
203
973
200
964
197
953
193
941
189
927
185
912
181
895
177
877
172
858
167
838
162
817
157
795
152
772
147
749
142
725
137
701
132
677
128
652
124
627
120
603
116
579
112
556
108
534
104
513
100
493
97
473
94
454
91
436
88
419
85
402
82
386
79
371
76
356
74
342
72
328
70
315
68
303
66
291
64
280
62
269
60
259
58
249
56
239
55
230
54
221
53
213
52
205
51
198
50
191
49
184
48
178
47
172
46
167
45
163
44
159
43
155
42
152
41
149
40
147
40
145
40
143
40
141
40
140
40
139
40
138
40
137
40
136
40
135
40
135
40
135
40
135
40
135
40
135
40
135
40
135
40
135
40
136
40
137
40
138
40
139
40
141
40
143
40
145
40
147
40
150
40
153
40
156
40
160
41
164
42
169
43
174
44
179
45
184
46
190
47
196
48
202
49
207
50
212
51
217
52
222
53
227
54
232
55
236
56
240
56
244
56
247
56
250
57
253
57
255
57
257
57
259
57
260
57
261
57
262
57
262
57
262
57
262
57
262
57
262
57
261
57
260
57
259
57
258
57
257
57
256
57
255
57
254
57
253
57
252
57
251
57
250
57
249
57
248
57
247
57
246
57
245
57
244
57
243
57
242
57
241
57
240
57
239
57
238
57
237
57
237
57
237
57
237
57
237
57
237
57
237
57
237
57
237
57
238
57
239
57
240
57
241
57
242
57
244
57
246
57
248
57
250
57
252
57
255
57
258
57
261
58
264
58
267
58
270
58
274
58
278
59
282
60
286
61
291
62
296
63
301
64
306
65
311
66
317
67
323
68
329
69
335
70
341
71
347
72
353
73
358
74
363
75
368
76
374
77
380
78
386
79
392
80
398
81
404
82
409
83
414
84
419
85
425
86
431
87
436
88
441
89
446
90
451
91
456
92
461
93
466
94
470
95
474
95
479
96
484
96
489
97
494
98
499
99
504
100
509
101
514
102
519
103
524
104
528
105
533
106
538
107
543
107
548
107
554
108
559
109
565
110
571
111
577
112
583
113
589
114
595
115
601
116
607
117
613
118
620
119
626
120
632
121
638
122
644
123
650
124
657
125
664
126
671
127
678
128
685
129
692
130
699
131
706
132
713
133
720
134
726
135
732
136
738
137
744
138
750
139
756
140
762
141
768
142
774
143
780
144
786
145
792
146
797
147
802
148
807
149
812
150
817
151
822
152
827
153
832
154
837
155
842
156
847
157
852
158
857
159
862
160
867
161
872
162
877
163
882
164
887
165
891
166
895
167
899
168
903
169
907
170
911
171
914
171
917
172
920
173
923
174
926
175
929
176
932
177
935
178
938
179
940
180
942
181
944
182
946
183
948
184
950
185
952
186
954
187
956
188
958
189
960
189
961
190
962
191
963
192
964
193
965
194
966
195
967
196
968
197
969
198
970
199
971
200
972
201
973
202
974
203
975
204
976
205
977
206
978
207
979
208
980
209
981
210
982
211
983
212
984
213
985
213
985
213
985
213
985
212
985
211
985
210
985
208
985
206
983
203
979
200
972
197
963
193
952
189
939
185
924
181
908
176
890
171
871
166
852
161
832
156
811
151
789
146
766
141
743
136
720
131
696
127
672
123
648
119
624
115
600
111
577
107
554
103
532
99
511
96
491
93
471
90
452
87
434
84
417
81
400
78
384
75
369
73
354
71
340
69
326
67
313
65
301
63
289
61
278
59
267
57
257
55
247
53
237
52
228
51
219
50
211
49
203
48
195
47
188
46
181
45
174
44
168
43
162
42
157
41
152
40
147
39
143
38
139
37
136
37
133
37
130
37
128
37
126
37
124
37
123
37
122
37
121
37
121
37
121
37
121
37
121
37
121
37
121
37
121
37
121
37
121
37
121
37
122
37
123
37
124
37
125
37
126
37
127
37
128
37
130
37
132
37
134
37
136
37
139
37
142
37
145
37
148
37
152
37
156
37
160
37
164
38
168
39
172
40
176
41
181
42
186
43
190
44
194
45
198
46
202
47
206
47
210
48
214
48
218
49
222
50
226
50
229
50
232
50
235
50
238
50
241
50
243
50
245
50
247
50
249
50
251
50
252
50
253
50
254
50
255
50
256
50
256
50
256
50
256
50
256
50
256
50
256
50
256
50
255
50
254
50
253
50
252
50
251
50
250
50
249
50
248
50
247
50
246
50
245
50
244
50
243
50
242
50
241
50
241
50
241
50
241
50
241
50
241
50
242
50
243
50
244
50
245
50
246
50
248
50
250
50
252
50
254
51
256
52
259
52
262
52
265
52
268
52
271
52
275
53
279
54
283
54
287
54
291
55
296
56
301
57
306
58
311
59
316
60
321
61
326
62
331
63
336
64
341
65
346
66
351
67
356
68
361
69
367
70
372
71
377
72
382
73
387
74
392
75
397
76
402
77
407
78
412
79
417
80
422
81
427
82
432
83
437
84
442
85
447
86
452
87
457
88
462
89
467
90
472
91
477
92
482
93
487
94
492
95
497
96
502
97
507
98
512
99
517
100
522
101
527
102
532
103
538
104
544
105
550
106
556
107
562
108
567
109
572
110
577
111
582
112
587
113
592
114
597
115
602
116
607
117
612
118
617
119
622
120
627
121
632
121
637
121
642
122
647
123
652
123
657
124
662
125
667
126
672
126
677
126
682
127
687
128
692
129
697
130
702
131
707
132
712
133
717
134
722
135
727
136
732
137
737
138
742
139
747
140
751
140
755
140
759
140
763
141
767
142
771
143
775
144
779
145
783
146
787
147
791
148
795
149
799
150
803
151
807
151
811
151
815
152
819
152
823
152
827
152
831
152
835
152
839
153
842
154
845
155
848
156
851
156
854
156
857
157
860
158
864
159
868
160
872
160
876
161
880
162
885
163
890
164
894
165
898
166
902
167
906
168
910
169
914
170
917
171
920
172
923
173
926
174
929
175
932
176
935
177
938
178
940
179
942
180
944
180
946
180
948
181
950
181
952
181
954
181
956
181
958
180
959
179
958
178
955
177
950
175
943
173
934
170
923
167
910
164
895
160
879
156
861
152
842
148
822
144
801
140
779
136
756
132
733
128
709
124
685
120
660
116
635
112
610
108
586
104
563
100
541
97
519
94
498
91
478
88
459
85
441
82
423
79
406
76
390
73
374
71
359
69
345
67
331
65
318
63
305
61
293
59
281
57
270
55
259
53
249
51
239
50
230
49
221
48
212
47
204
46
196
45
189
44
182
43
175
42
169
41
163
40
158
39
153
38
149
37
146
37
144
37
143
37
143
37
143
37
144
37
145
37
147
37
150
37
153
37
157
37
161
37
165
37
169
37
174
37
179
38
184
39
190
39
196
39
202
40
208
41
213
41
219
42
225
43
231
44
237
45
243
46
249
47
255
48
261
49
267
50
274
51
280
52
287
53
294
54
301
55
308
56
315
57
323
58
331
59
339
60
347
61
355
62
363
63
371
64
379
65
387
66
395
67
403
68
411
69
419
70
426
71
433
72
440
73
447
74
454
75
460
76
466
77
472
78
478
79
483
80
488
81
493
82
497
82
501
82
505
82
509
82
512
82
515
82
518
82
521
82
523
82
525
82
526
82
527
82
528
82
529
82
530
82
530
82
530
82
530
82
530
82
530
82
530
82
530
82
530
82
530
82
530
82
530
82
530
82
530
82
531
82
532
82
533
82
535
82
537
82
539
82
541
82
544
82
547
82
550
83
553
84
557
85
561
86
565
87
569
88
573
89
578
90
583
91
588
92
594
93
600
94
606
95
612
96
618
97
625
98
632
99
639
100
646
101
653
102
660
103
667
104
674
105
681
106
688
107
695
108
702
109
709
110
715
111
721
112
727
113
733
114
739
115
745
116
751
117
756
118
761
119
766
120
771
121
776
122
781
123
786
124
791
125
795
126
799
127
803
128
807
129
811
130
815
131
819
132
823
133
827
134
832
135
836
136
840
137
845
138
850
139
855
140
860
141
865
142
870
143
875
144
880
145
885
146
890
147
894
148
898
149
902
150
906
151
910
152
914
153
917
154
920
155
923
156
926
157
929
158
932
159
935
160
938
161
940
162
942
163
944
164
946
165
948
166
950
167
952
168
954
169
956
170
958
171
960
172
962
172
963
173
964
174
965
175
966
176
967
177
968
178
969
179
970
179
971
179
972
179
973
179
974
179
975
180
976
181
977
182
978
182
979
182
980
182
981
182
982
183
983
184
984
185
985
186
985
187
985
188
985
189
985
189
985
189
986
190
986
191
986
191
986
191
986
192
986
193
986
193
986
193
986
194
986
195
986
195
986
195
986
196
986
197
986
198
986
199
986
199
986
199
986
200
986
201
986
201
986
201
986
202
986
203
986
204
986
205
986
206
986
207
986
207
986
207
986
208
986
208
986
208
986
208
986
208
986
208
986
208
986
207
986
206
986
205
986
203
986
201
986
199
984
196
979
193
972
190
963
186
952
182
939
178
924
174
908
169
891
164
872
159
852
154
831
149
809
144
787
139
764
134
741
130
718
126
694
122
670
118
646
114
622
110
598
106
575
102
552
98
530
95
509
92
489
89
470
86
451
83
433
80
416
77
399
74
383
72
368
70
353
68
339
66
325
64
312
62
300
60
288
58
277
56
266
54
256
52
246
50
236
49
227
48
218
47
210
46
202
45
194
44
187
43
180
42
174
41
168
40
162
39
157
38
153
37
150
36
147
35
145
34
144
34
143
34
143
34
143
34
144
34
145
34
147
34
149
34
152
34
155
34
158
34
161
34
165
34
169
34
173
34
177
34
181
34
185
34
190
34
195
34
200
35
205
36
211
37
217
37
223
37
229
38
235
39
242
40
249
41
256
42
263
43
270
44
278
45
286
46
294
47
302
48
310
49
318
50
326
51
334
52
342
53
350
54
357
55
364
56
371
57
378
58
384
59
390
60
396
61
401
62
406
63
410
64
414
65
418
66
421
66
424
66
427
66
429
66
431
66
433
66
435
66
436
66
437
66
438
66
439
66
440
66
440
66
440
66
440
66
440
66
440
66
440
66
440
66
440
66
440
66
440
66
440
66
440
66
440
66
441
66
442
66
443
66
444
66
445
66
446
66
448
66
450
66
452
66
454
66
456
66
459
66
462
67
465
67
468
68
471
69
474
69
477
70
481
71
485
72
489
73
493
74
497
75
501
76
505
77
509
78
514
79
519
80
524
81
528
82
533
83
538
84
543
85
548
86
553
87
558
88
563
89
568
90
573
91
578
92
583
93
588
94
593
95
598
96
603
97
608
98
613
99
618
100
623
101
628
102
633
103
638
104
643
105
648
106
653
107
658
108
663
109
668
110
673
111
678
112
683
113
688
114
693
115
698
116
704
117
710
118
715
119
720
120
726
121
732
122
737
123
742
124
747
125
752
126
758
127
764
128
770
129
776
130
782
131
788
132
794
133
800
134
806
135
812
136
818
137
824
138
831
139
838
140
844
141
850
142
856
143
862
144
867
145
872
146
877
147
882
148
887
149
891
150
895
151
899
152
903
153
907
154
911
155
915
156
918
157
921
158
924
159
927
160
930
161
933
162
936
163
938
164
940
165
942
166
944
167
946
168
948
169
950
170
952
171
954
172
956
173
958
174
960
174
962
174
963
175
964
176
965
176
966
176
967
176
968
176
969
176
970
177
971
177
972
177
973
178
974
179
975
180
976
181
977
182
978
182
979
182
980
182
981
182
982
183
983
184
984
185
985
186
985
187
985
188
985
189
985
190
985
191
985
192
985
193
985
194
985
195
985
196
985
197
985
198
986
199
986
200
986
201
986
202
986
203
986
204
986
204
986
204
986
204
986
204
986
204
986
204
986
204
986
204
986
204
986
203
986
202
986
201
986
199
986
197
985
194
981
191
975
188
967
184
957
180
945
176
931
172
916
168
899
163
881
158
862
153
842
148
821
143
800
138
778
133
756
128
733
124
710
120
687
116
663
112
639
108
615
104
591
100
568
97
546
94
524
91
503
88
483
85
464
82
446
79
428
76
411
73
395
71
379
69
364
67
350
65
336
63
323
61
310
59
298
57
286
55
275
53
265
52
255
51
246
50
237
49
229
48
222
47
216
46
211
45
207
44
203
43
200
42
198
41
196
40
195
40
195
40
195
40
195
40
196
40
197
40
198
40
200
40
202
40
204
40
206
40
209
40
212
40
215
40
218
40
221
40
224
40
227
40
230
40
233
40
236
40
239
40
242
40
245
40
248
40
251
40
255
40
259
40
263
41
267
42
271
42
276
43
281
44
286
45
291
46
297
47
303
48
309
49
315
50
321
51
327
52
333
53
339
54
346
55
352
56
358
57
364
58
370
59
376
60
382
61
387
62
392
63
397
64
402
65
407
65
411
65
415
66
419
67
422
68
425
68
428
68
430
68
432
68
434
68
435
68
436
68
437
68
438
68
438
68
438
68
438
68
438
68
438
68
437
68
436
68
435
68
435
68
435
68
435
68
434
68
433
68
433
68
433
68
433
68
433
68
433
68
433
68
433
68
433
68
433
68
433
68
433
68
433
68
433
68
434
68
435
68
436
68
437
68
438
68
439
68
440
68
442
68
443
68
445
68
447
68
449
68
451
68
453
68
455
68
457
68
459
69
461
69
464
69
467
70
470
70
473
70
476
71
479
72
482
73
485
74
488
75
492
76
496
77
500
78
504
79
508
80
512
81
516
82
520
83
525
84
530
85
535
86
540
87
545
88
550
89
555
90
561
91
567
92
573
93
579
94
585
95
591
96
597
97
603
98
609
99
615
100
620
101
625
102
631
103
637
104
642
105
647
106
652
107
657
108
662
109
667
110
672
111
677
112
682
113
687
114
692
115
697
116
702
117
706
118
710
119
714
120
718
121
722
122
726
123
730
124
734
124
738
124
742
124
746
125
750
126
754
127
758
128
762
129
765
129
768
129
771
129
774
129
777
129
780
129
783
130
786
130
788
130
790
131
793
132
795
133
797
134
800
134
802
134
804
134
807
135
810
136
813
137
816
138
819
139
822
140
825
140
828
141
831
142
835
143
838
144
842
145
846
146
850
147
854
148
858
149
862
150
866
151
870
152
874
153
878
154
882
155
887
156
891
156
895
156
899
157
903
157
907
157
911
158
914
159
917
160
920
160
923
161
926
162
929
163
932
164
935
165
938
166
940
167
942
168
944
169
946
170
948
171
950
172
952
173
954
174
956
175
958
176
960
177
961
178
962
179
963
180
964
181
965
182
966
183
967
184
968
184
969
184
970
184
971
184
972
184
973
184
974
184
975
183
975
181
972
179
967
177
960
174
951
171
940
168
927
165
912
161
895
157
877
153
858
148
838
143
816
139
794
135
771
131
747
127
722
123
697
119
672
115
646
111
621
107
596
103
572
99
549
96
527
93
506
90
486
87
466
84
447
81
429
78
412
75
395
72
379
70
364
68
349
66
335
64
322
62
309
60
297
58
285
56
274
54
263
52
252
50
242
49
232
48
223
47
214
46
206
45
198
44
190
43
183
42
176
41
169
40
163
39
157
38
151
37
145
36
140
35
135
34
130
33
126
33
122
32
119
32
116
32
114
32
112
32
111
32
110
32
109
32
108
32
108
32
108
32
108
32
108
32
108
32
108
32
109
32
110
32
111
32
112
32
113
32
114
32
115
32
116
32
118
32
120
32
122
32
125
32
128
32
132
32
136
32
140
32
145
32
150
32
155
33
160
34
166
35
172
36
178
37
185
38
192
39
199
40
207
41
215
42
223
43
230
44
237
45
245
46
252
47
259
48
266
49
273
50
280
51
286
52
292
53
297
54
302
54
307
54
312
54
316
54
320
54
324
54
328
54
331
54
334
54
337
54
340
54
342
54
344
54
346
54
347
54
348
54
349
54
350
54
350
54
350
54
350
54
350
54
350
54
350
54
350
54
350
54
350
54
350
54
350
54
350
54
350
54
350
54
350
54
351
54
352
54
353
54
354
54
355
54
357
54
359
54
361
54
363
54
365
54
367
54
369
54
371
54
373
54
375
54
378
54
381
54
384
54
387
55
390
56
393
57
396
58
400
59
404
60
408
61
412
62
416
63
420
64
425
65
429
66
434
67
439
68
444
69
449
70
454
71
459
72
464
73
469
74
474
75
479
76
484
77
489
78
494
79
499
80
504
81
509
82
514
83
519
84
524
85
529
86
534
87
540
88
545
89
550
90
555
91
561
92
566
93
571
94
576
95
581
96
586
97
591
98
596
99
601
100
606
101
612
102
617
103
623
104
629
105
635
106
641
107
647
108
653
109
659
110
665
111
671
112
677
113
683
114
689
115
695
116
701
117
707
118
713
119
719
120
725
121
731
122
737
123
743
124
749
125
755
126
761
127
767
128
773
129
779
130
784
131
790
132
795
133
800
134
805
135
810
136
815
137
820
138
825
139
830
139
835
139
840
140
845
141
850
141
855
141
860
142
864
143
868
144
872
144
876
144
880
145
884
146
888
147
892
148
896
149
900
150
904
151
908
151
912
151
915
151
918
151
921
152
924
153
927
154
930
154
933
154
936
155
938
156
940
157
942
157
944
158
946
159
948
160
950
161
952
162
954
162
956
163
958
164
960
165
962
166
963
167
964
168
965
169
966
170
967
171
968
172
969
173
970
174
971
175
972
176
973
177
974
178
975
179
976
180
977
181
978
182
979
183
980
184
981
185
982
186
983
187
984
187
985
188
985
188
985
188
985
188
985
188
985
188
985
188
986
187
986
186
986
185
984
183
980
180
973
177
964
174
953
171
940
167
926
163
910
159
893
155
874
151
854
146
833
141
811
136
789
132
766
128
743
124
720
120
696
116
672
112
648
108
624
104
600
100
577
97
554
94
532
91
511
88
491
85
471
82
452
79
434
76
417
73
400
71
384
69
369
67
354
65
340
63
326
61
313
59
301
57
289
55
278
53
267
51
256
49
246
48
236
47
227
46
218
45
210
44
202
43
194
42
187
41
180
40
173
39
167
38
161
37
155
36
150
35
145
34
141
33
137
32
134
31
131
31
129
31
127
31
126
31
125
31
125
31
125
31
125
31
125
31
126
31
127
31
128
31
130
31
132
31
134
31
136
31
138
31
140
31
143
31
146
31
149
31
152
31
155
31
158
31
161
31
165
31
169
31
173
31
177
31
181
31
186
31
191
31
196
31
202
32
208
33
214
34
221
35
228
36
235
37
242
38
249
39
257
40
265
41
273
42
281
43
289
44
297
45
305
46
313
47
321
48
329
49
336
50
344
51
351
52
358
53
365
54
372
55
378
56
384
57
390
58
395
59
400
60
405
60
409
60
413
60
417
60
421
60
424
60
427
60
430
60
433
60
435
60
437
60
439
60
441
60
443
60
444
60
446
60
447
60
448
60
449
60
451
60
453
60
455
60
457
60
459
60
461
60
463
60
465
60
467
60
470
61
473
62
476
63
480
64
484
65
488
66
492
67
496
68
501
69
506
70
511
71
516
72
521
73
526
74
531
75
536
76
541
77
547
78
553
79
559
80
565
81
571
82
577
83
584
84
591
85
598
86
605
87
612
88
620
89
628
91
636
93
644
94
652
95
660
96
668
97
676
99
685
101
694
102
703
103
712
104
721
106
730
108
739
110
747
112
755
114
763
116
771
117
780
118
789
119
797
120
805
121
813
122
820
124
827
126
834
128
841
130
847
131
853
132
859
133
865
134
870
136
875
137
880
138
885
139
890
140
894
141
898
143
902
145
906
146
910
147
914
148
917
149
920
150
923
151
926
152
929
153
932
154
935
155
938
156
940
157
942
158
944
159
946
161
948
162
950
163
952
164
954
165
956
166
958
167
960
168
962
169
963
170
964
171
965
172
966
173
967
174
968
175
969
176
970
177
971
178
972
179
973
180
974
180
975
180
976
181
977
182
978
183
979
184
980
185
981
186
982
187
983
187
984
187
985
188
985
189
986
189
986
189
986
189
986
189
986
190
986
191
986
192
986
193
986
193
986
193
986
194
986
195
986
195
986
195
986
195
986
196
986
197
986
197
986
197
986
197
986
197
986
197
986
197
986
198
986
199
986
199
986
200
986
201
986
202
986
202
986
202
986
203
986
204
986
204
986
205
986
206
986
206
986
207
986
207
986
208
986
209
986
210
986
211
986
211
986
211
986
211
986
211
986
211
986
211
986
212
986
212
986
212
986
212
986
212
986
212
986
212
986
211
986
210
986
209
986
207
986
205
986
203
986
200
984
197
980
194
974
190
966
186
955
182
942
177
928
172
912
167
895
162
877
157
858
152
838
147
817
142
795
137
773
132
750
127
727
123
704
119
681
115
658
111
635
107
612
103
589
99
566
96
544
93
523
90
503
87
483
84
464
81
446
78
428
75
411
72
395
70
380
68
365
66
351
64
337
62
324
60
311
58
299
56
288
54
277
52
267
50
257
49
248
48
239
47
231
46
223
45
216
44
209
43
203
42
198
41
193
40
188
39
184
38
180
37
177
36
174
35
172
34
170
33
169
32
168
31
168
30
168
30
169
30
170
30
172
30
174
30
176
30
179
30
182
30
185
30
188
30
190
30
192
30
194
30
196
30
198
30
200
30
202
30
204
30
206
30
209
30
212
30
215
30
218
30
222
30
226
30
230
30
235
30
240
30
245
30
251
30
257
30
263
31
269
31
275
31
281
32
287
33
293
34
300
35
306
36
312
37
318
38
324
39
330
40
336
41
342
42
348
43
354
43
359
44
364
44
369
45
374
45
378
45
382
45
386
45
390
45
393
45
396
45
399
45
402
45
404
45
406
45
408
45
410
45
412
45
413
45
414
45
415
45
416
45
417
45
418
45
418
45
418
45
418
45
418
45
418
45
418
45
418
45
418
45
418
45
418
45
418
45
418
45
418
45
418
45
418
45
418
45
418
45
418
45
419
45
419
45
420
45
421
45
422
45
423
45
424
45
425
45
426
45
428
45
430
45
432
45
434
45
436
45
438
46
440
47
443
48
446
48
449
48
452
48
455
48
459
49
463
50
467
51
471
52
475
53
479
54
483
55
487
56
492
57
497
58
502
59
507
60
512
61
517
62
522
63
527
64
532
65
537
66
541
67
545
68
549
69
554
69
558
69
562
70
566
70
570
70
574
70
578
71
582
72
586
73
590
74
594
75
598
76
602
77
606
77
610
78
614
79
618
80
622
80
626
81
630
82
634
83
638
84
642
85
646
86
650
87
654
88
659
89
664
90
668
90
673
91
678
92
683
92
688
93
693
94
698
95
703
96
707
97
711
98
715
99
719
100
723
101
727
102
731
102
735
102
739
103
743
104
747
105
751
106
755
107
759
108
763
108
767
108
771
108
775
108
779
109
783
110
786
111
789
112
792
113
795
114
798
114
801
114
804
114
807
114
810
115
813
116
816
117
819
117
822
118
825
119
828
120
831
121
834
121
837
122
840
122
843
122
846
122
848
122
850
122
852
122
854
123
856
124
858
125
861
126
864
127
867
128
870
129
873
130
877
131
881
132
885
133
890
134
894
134
898
135
902
136
906
137
910
138
914
138
917
139
920
140
923
141
926
141
929
141
932
141
935
142
938
143
940
144
942
145
944
145
946
146
948
147
950
148
952
149
954
150
956
151
958
151
960
152
962
153
963
154
964
155
965
156
966
157
967
158
968
159
969
159
970
159
971
160
972
160
973
160
974
160
975
160
976
160
977
160
978
159
978
158
976
157
973
156
968
154
961
152
952
150
941
147
928
144
913
140
896
136
878
132
858
128
837
124
815
120
792
116
768
112
744
108
719
104
694
100
668
97
642
94
617
91
593
88
569
85
546
82
524
79
503
76
483
73
464
70
445
68
427
66
410
64
393
62
377
60
362
58
347
56
333
54
320
52
307
50
295
48
283
46
272
45
261
44
250
43
240
42
230
41
221
40
212
39
203
38
195
37
187
36
179
35
172
34
165
33
158
32
152
31
146
30
140
29
134
28
129
27
124
26
119
25
114
25
110
25
106
24
102
24
98
24
94
24
90
24
87
24
84
24
81
23
78
23
75
23
72
23
69
23
66
23
64
23
62
23
60
23
58
23
56
23
54
23
52
23
50
23
48
23
46
23
45
23
44
23
43
23
42
23
41
23
40
23
39
23
39
23
39
23
39
23
40
23
41
23
43
23
45
23
48
23
51
23
54
23
57
23
60
23
63
23
67
23
71
23
75
23
79
23
82
23
85
23
88
23
91
23
94
23
96
23
98
23
100
23
101
23
102
23
103
23
103
23
103
23
103
23
103
23
103
23
102
23
101
23
100
23
99
23
98
23
96
23
94
23
93
23
91
23
89
23
87
23
85
23
83
23
81
23
79
23
77
23
75
23
73
23
71
23
69
23
68
23
67
23
66
23
65
23
64
23
63
23
62
23
61
23
60
23
59
23
58
23
58
23
58
23
58
23
58
23
58
23
58
23
59
23
60
23
61
23
62
23
63
23
65
23
67
23
69
23
71
23
73
23
75
23
78
23
81
23
84
23
88
23
92
23
96
23
100
23
104
23
108
23
112
23
117
23
122
23
127
24
132
25
137
26
142
27
147
27
153
28
159
29
165
30
171
31
177
32
183
33
189
33
195
34
201
35
206
36
212
37
218
38
223
38
228
38
233
39
238
40
243
40
248
41
253
42
258
43
263
44
268
45
273
45
277
45
281
46
286
46
291
47
296
48
301
49
306
49
310
50
314
51
318
52
322
53
326
54
330
55
334
56
338
56
342
56
346
57
350
57
354
58
358
59
362
59
366
59
370
60
374
61
378
61
382
61
386
61
390
61
394
62
398
63
402
63
406
63
409
64
412
65
415
66
418
67
421
67
424
68
427
69
430
70
433
70
436
70
439
70
442
71
445
72
448
73
451
74
454
74
457
74
460
74
463
75
467
76
471
77
475
78
479
79
483
80
487
81
491
82
495
83
499
84
503
84
507
85
511
86
515
87
519
87
523
87
527
88
531
88
535
88
539
89
543
90
546
90
549
90
552
90
555
91
558
91
561
91
564
92
567
93
570
93
573
93
576
93
578
94
580
94
582
94
584
94
585
94
585
94
584
93
583
92
580
91
576
90
571
89
564
88
556
86
546
84
535
82
522
80
508
78
493
76
476
74
458
72
440
70
423
68
406
66
390
64
374
62
359
60
345
58
331
56
318
54
305
52
293
50
281
48
270
46
259
44
248
43
238
42
228
41
219
40
210
39
201
38
193
37
185
36
177
35
170
34
163
33
156
32
150
31
144
30
138
29
132
28
127
27
122
26
117
25
112
24
107
23
103
22
99
21
95
20
91
19
87
19
83
19
80
19
77
19
74
19
71
19
68
19
65
19
62
19
59
19
57
19
55
19
53
19
51
19
49
19
47
19
45
19
43
19
41
19
39
19
37
19
36
19
35
19
34
19
33
19
32
19
31
19
30
19
29
19
28
19
27
19
26
19
25
19
24
19
23
19
22
19
21
19
20
19
19
19
18
19
17
19
17
19
17
19
17
19
17
19
17
19
17
19
17
19
17
19
17
19
17
19
17
19
17
19
17
19
17
19
17
19
17
19
17
19
17
19
17
19
17
19
17
19
17
19
17
19
17
19
17
19
17
19
17
19
17
19
17
19
17
19
17
19
17
19
17
19
17
19
17
19
17
19
17
19
17
19
17
19
17
19
17
19
17
19
17
19
17
19
17
19
17
19
17
19
17
19
17
19
17
19
17
19
17
19
17
19
17
19
17
19
17
19
17
19
17
19
17
19
17
19
17
19
17
19
17
19
17
19
17
19
17
19
17
19
17
19
17
19
17
19
17
19
17
19
17
19
17
19
17
19
17
19
17
19
17
19
17
19
17
19
17
19
17
19
17
19
17
19
18
19
19
19
20
19
21
19
23
19
25
19
27
19
29
19
32
19
35
19
38
19
41
19
44
19
48
19
52
19
56
19
60
19
64
19
68
19
72
20
76
20
80
20
84
20
88
21
92
21
96
21
100
21
104
21
108
21
112
22
116
22
120
22
124
22
128
23
132
24
136
25
140
26
144
27
148
28
152
29
156
30
160
31
164
31
168
32
172
32
176
32
180
33
184
34
188
35
193
36
198
36
202
37
207
38
212
39
217
40
221
40
225
40
229
40
233
41
237
42
241
42
245
42
249
43
253
43
257
44
261
45
265
45
269
46
273
47
277
48
281
48
285
48
288
48
291
48
294
48
297
48
300
49
303
50
306
50
309
50
312
50
315
50
317
50
319
50
321
50
323
50
325
50
327
50
329
50
331
51
333
52
335
52
337
52
339
52
341
53
344
54
347
54
350
54
353
54
356
55
359
56
362
56
365
57
369
58
373
59
377
60
381
61
385
62
389
63
393
63
397
63
401
64
405
65
409
65
413
65
417
66
421
67
425
68
428
68
431
69
434
69
437
69
440
69
442
69
444
69
445
69
446
69
446
69
445
68
443
67
439
66
434
65
427
64
419
62
409
60
398
58
386
56
372
54
358
52
344
50
330
48
317
47
304
45
292
44
280
43
269
42
258
41
248
40
238
39
228
38
219
37
210
36
201
35
193
34
185
33
177
32
170
31
163
30
156
29
150
28
144
27
138
26
132
25
127
24
122
23
117
22
112
21
107
20
103
19
99
18
95
18
91
18
87
18
83
18
80
18
77
18
74
18
71
18
68
18
65
18
62
18
59
18
57
18
55
18
53
18
51
18
49
18
47
18
45
18
43
18
41
18
39
18
37
18
36
18
35
18
34
18
33
18
32
18
31
18
30
18
29
18
28
18
27
18
26
18
25
18
24
18
23
18
22
18
21
18
20
18
19
18
18
18
17
18
17
18
17
18
17
18
17
18
17
18
17
18
17
18
17
18
17
18
17
18
17
18
17
18
17
18
17
18
17
18
17
18
17
18
17
18
17
18
17
18
17
18
17
18
17
18
17
18
17
18
18
18
19
18
20
18
21
18
22
18
23
18
24
18
25
18
26
18
27
18
28
18
29
18
30
18
31
18
32
18
33
18
34
18
35
18
35
18
35
18
35
18
35
18
35
18
35
18
35
18
35
18
35
18
35
18
35
18
35
18
34
18
34
18
34
18
33
18
32
18
31
18
31
18
31
18
31
18
31
18
31
18
31
18
31
18
31
18
31
18
31
18
31
18
31
18
31
18
31
18
31
18
31
18
32
18
33
18
34
18
35
18
36
18
38
18
40
18
42
18
44
18
47
18
50
18
53
18
56
18
60
18
64
18
68
18
72
18
76
18
80
18
85
18
90
18
95
18
100
18
105
18
110
18
116
18
122
18
128
18
134
18
140
18
146
19
152
20
158
21
164
22
170
23
176
24
182
25
188
26
194
26
200
27
206
28
212
29
218
30
224
31
230
31
236
32
242
33
248
34
254
35
260
36
266
37
272
38
278
39
284
40
290
41
296
41
302
42
308
43
314
43
320
43
325
43
330
44
335
45
340
46
345
47
350
48
355
49
360
50
365
51
370
52
375
52
380
52
385
53
390
54
395
55
400
56
405
57
410
58
415
59
420
60
425
61
430
62
435
63
440
64
445
65
450
65
455
65
460
66
465
67
470
68
475
69
480
70
485
71
490
72
495
72
500
72
505
73
510
74
515
75
520
75
524
76
528
77
532
78
536
79
540
80
544
80
548
81
552
81
556
81
560
81
564
82
567
83
570
84
573
84
576
84
579
84
582
84
585
84
588
84
591
84
594
84
597
84
600
85
603
86
606
87
609
88
612
88
615
89
618
90
621
90
624
90
627
90
630
90
633
91
636
91
639
92
642
93
645
94
648
95
651
95
654
95
657
95
660
95
662
95
663
95
663
95
663
95
662
95
659
94
655
93
649
92
641
90
632
88
621
86
609
84
595
82
580
79
563
76
545
74
526
72
506
70
486
68
467
66
448
64
430
62
413
60
396
58
380
56
365
54
350
52
336
50
322
48
309
46
296
44
284
42
272
41
261
40
250
39
240
38
230
37
221
36
212
35
203
34
195
33
187
32
179
31
172
30
165
29
158
28
152
27
146
26
140
25
134
24
129
23
124
22
119
21
114
20
109
19
105
18
101
18
97
18
93
18
89
18
85
18
81
18
78
