641
877
641
878
641
878
641
878
641
878
641
878
641
879
641
880
641
881
641
882
641
882
641
882
641
882
641
882
641
883
641
884
641
885
641
885
641
885
641
886
641
887
641
887
641
888
641
889
641
890
641
891
641
892
641
893
641
894
641
895
641
896
641
897
641
898
641
899
641
900
641
901
641
902
641
903
641
904
641
905
641
906
641
907
641
908
641
909
641
910
642
911
642
912
642
913
642
914
642
915
642
916
642
917
642
918
643
920
644
922
644
923
644
925
644
927
645
928
645
929
645
930
645
932
645
933
645
934
645
935
645
936
645
937
645
937
645
937
645
938
645
938
645
938
645
938
645
937
645
936
645
934
645
932
645
929
645
925
645
921
644
916
643
910
643
904
642
898
641
891
640
883
639
875
638
867
637
858
636
849
634
840
633
830
631
821
629
811
628
800
627
789
626
778
625
768
624
758
623
747
622
736
621
725
620
714
619
703
618
692
617
681
616
670
615
660
614
650
613
640
612
630
611
620
610
611
608
602
606
593
605
584
604
575
603
566
602
557
601
548
600
540
599
533
598
526
597
519
596
511
595
504
594
498
593
491
592
485
591
479
590
472
589
466
589
460
589
455
588
449
587
443
586
437
585
432
584
427
583
422
582
417
581
413
580
409
579
405
579
401
579
398
579
395
579
392
578
390
577
388
577
385
577
383
577
381
577
379
577
378
577
376
577
374
577
373
577
372
577
371
577
371
577
372
576
372
576
372
576
373
576
375
576
376
576
378
576
380
576
382
576
384
576
386
576
388
576
390
576
393
576
396
577
399
578
402
578
405
578
408
578
412
578
415
578
418
578
421
579
425
580
428
580
431
581
434
581
437
581
440
582
443
582
446
582
449
582
452
582
455
582
458
583
460
584
463
584
466
584
469
584
472
584
475
584
478
584
481
585
483
586
485
586
488
587
491
588
494
588
497
588
499
588
501
589
503
590
505
591
508
591
511
591
514
591
517
591
519
591
522
591
525
592
528
592
531
592
534
593
537
594
540
594
543
594
546
594
550
594
554
595
557
595
560
595
563
595
566
595
569
596
572
596
575
596
578
597
581
598
584
599
587
599
591
599
594
599
598
600
602
601
606
601
609
601
612
601
615
601
618
602
621
603
625
604
629
605
632
605
635
605
638
605
641
605
645
605
648
606
651
606
654
606
658
607
661
608
664
609
667
609
670
610
673
610
676
610
680
610
683
610
686
611
689
612
692
613
695
614
698
614
701
615
704
615
707
615
710
616
713
616
717
616
720
616
723
617
726
618
729
618
732
618
734
618
737
618
740
618
743
618
745
618
747
618
749
618
751
618
753
618
755
618
757
618
760
618
762
618
764
618
766
618
768
618
769
619
770
619
771
620
773
620
775
620
777
620
779
620
781
620
783
620
785
620
787
621
790
622
792
623
795
624
798
624
800
624
803
625
805
626
807
627
809
627
811
628
813
629
815
630
817
630
820
630
823
630
826
630
828
630
831
630
834
631
837
632
839
632
842
632
845
632
848
632
850
632
852
633
854
634
856
634
859
634
861
635
863
636
865
636
868
636
870
636
872
637
874
637
876
637
878
637
880
638
883
638
885
638
887
638
889
638
891
638
893
638
894
638
895
638
896
638
896
638
895
638
893
638
891
637
889
636
886
636
882
636
877
635
872
634
866
633
859
632
851
631
843
630
835
629
827
628
818
627
809
626
800
625
791
624
782
623
773
621
763
620
753
619
743
618
733
617
723
616
713
616
703
615
693
614
683
613
673
612
663
611
654
610
645
609
636
608
627
607
618
606
610
604
602
603
594
602
586
601
578
600
571
600
564
599
557
598
550
597
543
596
536
595
529
594
523
593
517
592
511
591
505
591
499
591
493
591
487
590
482
589
477
589
472
589
467
588
462
588
457
588
453
587
449
586
445
586
441
586
438
585
435
584
432
584
429
584
426
584
423
583
420
583
417
583
415
583
413
583
411
583
409
582
407
582
405
582
403
582
402
582
402
582
402
582
401
582
401
582
401
583
401
583
402
583
404
583
406
583
407
583
408
583
409
583
411
583
413
583
415
583
417
583
420
583
423
583
425
583
428
583
431
583
434
583
437
583
440
583
443
583
446
583
449
583
453
584
457
585
460
585
463
585
466
585
469
585
472
586
475
587
478
588
481
588
484
588
486
588
488
589
490
590
492
590
494
590
497
590
500
591
503
592
506
593
508
594
510
594
512
594
515
594
518
594
521
594
524
594
526
595
528
596
531
596
534
596
537
596
539
596
541
596
543
596
546
597
549
598
552
599
555
599
558
600
561
600
564
600
567
600
570
600
573
600
576
600
579
600
582
600
585
600
588
600
591
600
594
601
597
602
601
603
604
603
607
603
610
603
613
603
616
603
619
603
622
603
625
604
628
605
631
605
634
606
637
607
639
607
642
607
645
608
647
608
649
608
651
608
653
608
656
608
658
609
661
610
664
611
667
612
669
612
672
612
675
612
677
613
679
614
682
615
684
616
686
617
689
617
691
617
693
617
695
617
697
617
699
617
702
618
705
619
708
620
711
620
714
621
716
621
718
621
721
621
723
621
725
622
728
622
731
622
734
623
737
623
739
623
741
624
743
624
746
624
748
624
750
625
752
626
754
626
756
626
758
626
760
627
762
627
764
627
766
627
769
627
771
627
773
627
775
628
777
629
779
629
781
629
784
630
787
630
790
630
792
630
793
630
795
631
797
632
799
632
801
632
803
632
805
632
808
632
810
632
812
632
814
632
817
632
819
632
821
632
823
632
825
633
828
634
831
635
834
635
837
635
840
635
843
635
845
636
848
636
852
636
855
637
857
637
860
637
863
637
865
637
867
637
870
638
873
639
877
640
880
641
883
641
885
641
887
642
889
642
891
642
893
642
895
642
897
642
899
642
901
642
902
643
903
643
903
643
903
643
903
643
902
643
899
642
896
641
892
640
887
639
882
638
876
637
870
636
864
635
857
634
850
633
843
632
835
631
826
630
817
629
808
628
799
627
790
626
781
624
771
623
762
622
753
621
744
620
734
619
725
618
716
617
707
616
699
615
691
614
682
613
673
612
664
611
656
610
648
609
640
608
632
607
625
606
618
605
611
605
605
605
598
604
591
603
585
602
579
601
574
600
569
599
564
598
559
597
554
596
549
595
545
595
540
595
535
594
531
594
527
594
523
593
520
592
517
592
514
592
511
592
508
591
505
591
502
591
499
591
496
591
494
590
492
590
490
590
488
590
486
590
484
590
483
590
482
590
481
590
480
590
479
590
478
590
477
590
477
590
477
590
477
590
478
590
478
590
478
590
479
590
480
590
481
590
482
590
483
590
485
590
486
590
488
590
490
590
492
590
494
590
496
590
498
590
501
591
503
592
505
593
508
593
511
593
514
593
516
593
518
593
521
593
524
593
527
593
529
593
531
593
533
594
535
595
537
595
539
596
541
597
543
597
545
597
547
597
549
597
551
597
553
597
555
598
557
598
559
598
561
598
563
598
565
598
567
598
569
599
572
599
574
599
576
599
578
599
580
600
583
601
586
601
589
601
592
601
595
601
598
602
601
603
604
603
607
603
610
603
613
603
616
603
619
604
622
605
625
606
628
606
631
606
635
606
638
606
641
606
644
606
648
606
651
607
655
607
659
608
662
609
665
610
669
611
673
612
676
612
680
612
684
613
688
613
691
613
694
613
696
613
699
613
702
613
705
614
709
614
713
614
717
615
720
616
723
616
726
617
729
617
733
617
737
618
741
619
745
620
749
621
753
621
756
621
760
621
764
621
768
622
772
623
776
624
780
625
785
626
789
627
793
627
797
627
801
627
805
627
809
627
813
627
816
628
820
629
824
630
828
631
832
632
836
633
840
634
843
635
846
636
849
636
852
636
856
636
859
637
862
637
865
637
869
638
873
639
877
639
881
639
884
639
888
639
892
639
895
639
899
639
902
639
905
639
908
639
912
639
916
639
920
639
924
639
927
640
930
641
933
642
936
642
939
642
942
642
945
643
948
643
950
644
952
645
954
645
956
645
958
645
960
645
962
645
964
645
966
645
968
645
970
646
972
646
973
647
974
648
975
649
976
649
977
650
978
651
979
652
980
652
981
653
982
654
983
655
984
655
985
655
986
655
987
655
988
655
989
656
990
657
991
657
992
658
993
659
994
659
995
659
995
659
995
659
995
659
995
659
996
659
996
659
996
659
996
659
996
659
996
659
996
659
996
659
996
659
996
659
996
659
995
659
993
658
990
657
986
657
981
656
976
655
970
654
963
653
956
651
948
650
940
649
932
648
924
646
915
644
905
643
896
642
887
640
878
639
869
638
860
636
851
635
842
634
833
633
824
632
814
631
805
630
796
629
787
628
778
627
769
626
760
625
751
624
743
623
735
622
727
621
720
620
713
619
706
618
699
617
693
616
687
615
681
614
674
613
668
612
662
611
656
610
651
609
646
608
641
607
636
606
631
605
626
605
621
604
616
603
611
603
606
603
602
602
598
601
594
601
590
601
586
600
582
599
578
598
575
598
571
597
567
596
564
596
561
596
558
596
555
596
552
596
549
596
547
596
545
596
544
596
543
596
542
595
541
595
540
595
540
595
540
595
540
595
540
595
541
596
542
596
543
596
544
597
545
597
547
597
549
597
551
597
554
598
556
598
558
598
561
598
564
598
567
599
569
599
571
599
574
599
577
599
580
599
583
600
587
600
590
600
592
600
594
600
596
601
598
601
600
601
602
601
604
602
606
602
608
602
610
602
612
602
614
602
615
602
616
603
618
603
620
603
621
603
622
603
623
603
625
603
627
604
629
605
631
606
633
606
635
606
637
607
639
608
641
608
642
608
643
608
645
608
647
608
649
608
651
609
653
609
655
609
657
609
659
609
661
609
663
609
665
609
668
609
671
609
673
609
675
610
677
610
679
610
681
611
683
611
685
612
688
612
690
612
693
612
695
612
698
613
701
613
704
613
707
613
710
614
713
614
715
614
717
614
720
615
722
616
725
617
728
618
730
619
732
619
734
619
736
619
739
619
742
619
744
619
746
619
748
619
750
619
752
620
754
621
756
621
758
621
760
622
762
622
764
622
766
622
768
622
770
622
773
622
775
622
777
622
778
622
780
622
783
623
786
624
788
624
790
625
793
626
796
626
799
627
802
628
805
628
808
629
811
630
813
630
815
630
818
630
821
630
824
631
826
632
829
633
832
633
834
633
836
633
839
634
842
634
844
634
846
634
849
634
852
634
854
634
856
634
858
634
860
634
862
635
864
635
866
635
868
635
870
635
873
636
876
637
879
637
882
637
885
637
887
638
889
638
891
638
894
638
896
638
898
639
900
639
902
639
904
639
906
639
909
639
911
639
913
639
915
640
917
640
919
640
920
640
922
640
924
640
926
640
928
640
931
641
933
641
935
641
937
642
939
643
941
643
943
643
944
644
945
644
946
644
947
644
948
644
949
644
949
644
948
644
946
644
945
644
943
644
940
644
937
643
933
642
928
641
922
640
916
639
910
637
903
636
895
635
886
634
878
633
870
632
861
631
852
630
843
629
833
628
823
627
813
626
803
625
793
624
783
623
773
622
763
621
753
620
743
619
734
619
725
618
716
617
707
616
698
614
690
613
682
612
673
611
665
610
658
609
651
608
644
607
637
606
630
606
623
605
616
604
610
603
604
602
598
601
592
601
586
600
580
599
575
598
570
598
565
598
560
598
555
598
550
598
545
597
541
597
538
597
534
597
530
597
526
597
523
597
520
597
517
597
514
596
512
595
509
594
507
594
505
594
503
594
501
594
499
594
497
594
496
594
495
594
494
594
494
594
494
594
495
594
496
594
497
594
498
594
499
594
500
594
501
594
503
594
506
594
509
595
512
595
515
595
518
595
522
595
526
596
530
596
534
596
538
596
543
597
548
597
553
598
557
599
561
600
566
601
571
602
575
603
579
603
583
603
588
603
593
603
598
603
602
603
606
603
610
604
614
604
618
604
622
604
626
604
630
604
633
604
636
604
639
605
642
606
645
606
648
606
651
606
654
606
657
606
660
606
663
606
666
606
669
606
672
607
675
607
677
607
679
607
682
607
685
607
688
607
691
607
694
607
697
608
700
608
703
608
705
609
708
610
711
611
714
611
717
611
720
611
723
611
726
612
729
613
732
614
735
615
738
616
741
617
745
618
748
619
751
620
754
620
758
620
762
620
765
620
768
620
771
620
775
620
778
620
782
620
786
620
789
620
792
620
795
620
798
621
801
622
804
623
808
623
811
623
814
623
817
624
820
625
823
626
826
626
829
626
832
627
835
627
838
627
840
627
842
627
845
628
848
629
850
629
853
629
856
629
859
629
862
629
865
630
869
631
872
631
875
632
878
633
881
634
884
634
887
635
890
636
893
637
895
638
897
638
899
638
901
638
904
638
906
638
909
638
912
638
915
638
918
639
921
640
924
641
926
641
928
641
930
642
932
643
934
643
936
644
938
645
940
645
942
645
944
645
946
645
948
645
950
645
952
645
954
645
956
645
958
646
960
646
962
646
964
646
966
646
968
646
970
647
972
648
973
648
974
648
975
648
976
648
977
648
978
648
979
649
980
650
981
650
982
651
983
651
984
651
985
651
986
652
987
653
988
653
989
654
990
655
991
656
992
657
993
658
994
658
995
658
996
658
996
658
996
658
996
658
996
658
996
658
996
659
997
660
997
660
997
660
997
660
997
660
997
660
997
660
997
660
997
660
997
659
997
658
997
657
996
656
994
655
992
654
989
653
986
653
982
652
977
651
971
650
966
649
961
648
955
647
948
646
941
645
933
644
926
643
918
642
910
641
902
640
895
639
888
638
880
637
872
636
865
635
858
634
851
633
844
632
837
631
830
630
824
629
818
628
811
627
805
626
800
625
794
624
788
623
782
622
775
621
768
620
762
619
756
618
750
618
745
617
740
617
735
616
730
615
726
614
722
613
717
613
713
613
709
613
705
613
702
613
698
613
694
613
690
612
687
611
684
610
681
610
678
610
675
610
672
610
669
610
667
610
665
610
663
610
661
610
660
610
659
610
658
610
657
610
656
609
655
609
655
609
656
609
656
609
657
609
659
609
660
609
661
609
663
609
665
609
667
610
669
610
672
611
675
612
678
612
681
612
684
612
687
612
690
612
693
612
696
612
699
612
702
612
705
612
709
612
713
613
717
614
721
615
725
615
729
615
733
615
736
615
739
615
742
615
746
615
749
616
753
617
757
617
760
617
763
618
766
619
768
620
770
620
772
620
774
621
776
621
778
621
780
621
782
621
784
621
786
621
788
621
790
621
792
621
795
621
797
621
799
621
801
621
803
621
805
621
807
622
810
623
812
623
813
623
815
624
817
625
819
625
821
625
823
625
825
625
827
625
829
625
831
626
833
626
835
626
837
627
839
628
841
628
843
628
845
629
847
630
849
630
852
630
854
630
857
630
860
630
863
630
866
630
869
630
872
630
875
630
877
630
879
630
881
630
883
630
885
630
888
630
891
630
893
631
895
632
898
633
901
633
903
633
905
633
907
633
909
633
911
633
913
633
916
633
918
634
920
634
922
635
924
636
926
636
928
636
931
637
934
638
937
639
940
640
943
641
946
642
949
642
951
642
953
643
955
643
957
643
959
643
961
643
963
644
965
645
967
645
969
646
971
647
972
647
973
647
974
648
975
649
976
649
977
649
978
649
979
649
980
649
981
649
982
649
983
649
984
649
985
649
986
649
987
650
988
651
989
651
990
651
991
651
992
651
993
651
994
652
995
653
995
653
995
653
995
654
995
654
995
654
995
654
995
655
996
656
996
656
996
656
996
656
996
657
996
658
996
659
996
659
996
659
996
659
996
659
996
659
996
659
996
660
996
660
996
660
996
661
996
662
996
662
996
662
996
663
996
664
996
664
996
664
996
664
996
664
996
664
996
664
996
665
996
666
996
667
996
667
996
667
996
667
996
667
996
667
996
667
996
667
996
667
996
667
996
667
996
667
996
666
996
665
996
664
996
663
995
662
993
661
991
660
988
659
984
658
980
657
976
655
971
654
965
653
959
652
953
651
946
650
939
648
932
647
925
646
917
645
909
644
901
643
893
642
885
641
877
640
869
639
862
638
854
637
846
636
838
635
830
634
822
633
814
631
807
630
800
629
793
628
786
627
779
626
772
625
765
624
758
623
752
622
746
621
740
620
734
619
728
618
722
617
716
616
710
615
705
614
700
613
694
612
688
611
683
610
678
609
674
608
669
608
665
608
661
608
657
607
653
606
650
606
647
606
643
606
639
606
635
605
632
605
629
605
626
605
623
604
621
604
618
604
615
604
613
604
611
604
609
604
607
604
605
603
605
602
605
602
604
602
604
602
604
602
604
602
605
602
606
602
607
602
609
602
611
602
614
602
617
602
619
602
622
603
625
604
628
604
631
604
634
604
638
604
642
605
646
605
650
605
654
606
657
606
660
607
664
608
668
609
671
610
674
610
678
610
682
610
686
610
689
610
693
610
697
611
701
611
704
612
707
612
711
613
715
614
719
614
722
614
726
615
730
616
733
616
737
616
741
616
744
616
748
616
752
616
756
616
760
617
764
618
768
618
772
618
776
619
780
619
784
619
788
620
792
621
796
622
800
623
804
623
808
623
812
624
816
625
820
626
824
626
828
626
832
627
836
628
840
628
844
628
848
629
852
630
856
631
860
632
864
632
868
633
872
634
876
635
880
635
884
635
888
636
892
636
896
636
901
636
905
637
909
638
913
639
917
640
921
640
925
640
928
641
931
642
934
642
937
642
940
642
943
642
946
642
948
642
950
642
952
643
954
644
956
644
958
644
960
645
962
646
964
646
966
647
968
648
970
649
972
649
973
649
974
650
975
651
976
652
977
652
978
652
979
653
980
654
981
655
982
656
983
657
984
657
985
658
986
659
987
659
988
660
989
661
990
662
991
663
992
663
993
664
994
665
995
665
995
665
995
665
995
665
995
665
995
665
995
665
995
665
995
665
996
665
996
665
996
666
996
667
996
667
996
668
996
668
996
668
996
668
996
668
996
668
996
669
996
670
996
671
996
671
996
671
996
671
996
671
996
672
996
673
996
673
996
674
996
675
996
675
996
675
996
676
996
677
996
677
996
677
996
678
996
679
996
679
996
679
996
680
996
681
996
681
996
681
996
681
997
681
997
681
997
681
997
681
997
681
997
681
997
681
997
681
997
681
997
682
997
682
997
683
997
683
997
683
997
683
997
683
997
683
997
683
997
683
997
683
997
683
997
683
997
682
997
682
997
681
997
680
997
679
997
678
997
677
997
675
997
674
996
673
994
672
991
671
988
669
984
667
979
666
974
664
969
662
964
660
958
658
951
657
944
656
937
655
930
654
923
652
916
651
909
650
901
649
893
648
885
647
877
646
869
644
861
643
853
642
845
641
837
640
829
639
822
638
815
637
808
636
801
635
794
633
788
632
782
631
776
630
771
629
766
628
761
627
756
626
751
625
746
624
741
623
736
622
731
621
726
621
722
620
718
619
714
619
710
618
706
617
702
616
699
616
696
615
693
614
689
613
686
613
683
613
680
613
677
612
675
612
673
612
671
612
669
612
667
612
664
612
662
612
661
612
661
612
662
612
662
612
661
612
661
612
661
612
661
612
662
612
663
612
664
612
665
612
667
612
668
612
669
612
671
612
673
612
676
612
679
612
682
612
685
612
689
612
692
612
695
612
698
613
701
613
704
613
707
613
710
613
713
614
716
615
719
615
722
615
725
615
728
616
732
617
735
618
739
618
743
618
747
619
751
619
755
619
759
620
763
621
767
621
771
622
775
623
779
624
783
625
787
625
791
626
795
626
799
626
803
627
807
627
812
627
817
628
822
628
827
628
832
628
837
629
841
630
845
631
850
631
854
631
859
631
864
631
869
632
874
633
879
634
884
635
889
636
894
637
899
638
903
639
907
639
911
640
915
641
919
642
923
642
926
642
929
642
932
643
935
643
938
644
941
645
944
646
947
647
949
648
951
649
953
649
955
649
957
649
959
650
961
651
963
652
965
653
967
653
969
653
971
653
972
654
973
655
974
655
975
656
976
657
977
657
978
657
979
658
980
659
981
660
982
661
983
661
984
662
985
663
986
664
987
664
988
665
989
666
990
666
991
666
992
666
993
666
994
666
995
667
995
668
995
668
995
668
995
669
996
670
997
671
997
672
997
672
997
673
997
674
997
675
997
675
997
675
997
675
997
676
997
676
997
677
997
678
997
678
997
678
997
678
997
679
997
680
997
680
997
680
997
680
997
681
997
681
997
681
997
682
997
683
997
683
997
683
997
683
997
684
997
685
997
685
997
685
997
685
997
685
997
685
997
685
997
685
997
685
997
686
997
687
997
687
997
687
997
687
997
688
997
688
997
688
997
688
997
688
997
688
997
689
997
690
997
690
997
690
997
690
997
691
997
692
997
692
997
692
997
692
997
692
997
693
997
693
997
693
997
693
997
693
997
693
997
693
997
694
997
694
997
695
997
695
997
695
997
695
997
695
997
695
997
695
997
695
997
695
997
695
997
695
997
695
997
694
997
694
997
694
997
693
997
692
997
692
997
691
997
690
997
689
997
688
997
687
997
686
997
685
997
684
997
683
997
681
997
680
997
679
997
678
995
677
992
675
989
673
986
672
983
671
979
670
975
669
970
668
965
667
960
665
955
664
950
663
945
661
940
659
935
658
930
657
925
655
919
654
914
653
909
652
903
651
898
650
893
649
888
648
883
647
878
646
873
645
868
644
863
643
858
642
853
642
848
641
844
640
839
639
834
638
830
637
826
636
822
635
818
634
814
633
810
632
806
631
802
631
799
631
796
630
793
629
790
629
788
628
786
627
784
626
782
625
780
625
778
625
777
625
775
625
773
625
772
624
771
624
771
624
771
624
771
624
771
624
772
624
773
624
774
624
775
624
776
624
778
624
780
625
782
626
785
627
789
628
793
628
796
629
799
630
802
630
805
630
809
630
814
631
818
631
822
631
826
631
830
631
834
631
838
631
842
632
846
633
850
634
854
634
859
634
864
635
869
636
873
636
877
636
882
636
886
637
890
637
894
637
898
638
901
639
904
639
907
639
910
639
914
639
918
639
922
640
925
641
928
641
931
641
934
642
937
643
940
644
943
644
946
644
948
644
950
644
952
644
954
645
956
646
958
646
960
646
962
646
964
646
966
646
968
646
970
647
972
648
973
648
974
648
975
648
976
649
977
650
978
650
979
650
980
650
981
651
982
652
983
653
984
654
985
655
986
656
987
656
988
656
989
657
990
657
991
657
992
658
993
658
994
658
995
659
995
660
995
661
995
661
996
661
997
661
997
661
997
661
997
662
997
663
997
663
997
663
997
663
997
664
997
665
997
665
997
666
997
667
997
667
997
668
997
668
997
668
997
668
997
669
997
670
997
671
997
672
997
672
997
672
997
672
997
672
997
673
997
673
997
673
997
674
997
675
997
675
997
676
997
677
997
678
997
678
997
678
997
678
997
678
997
678
997
678
997
678
997
678
997
678
997
679
997
680
997
680
997
681
997
682
997
682
997
683
997
684
997
684
997
684
997
685
997
685
997
685
997
685
997
685
997
685
997
685
997
685
997
685
997
686
997
686
997
686
997
686
997
686
997
686
997
686
997
687
997
688
997
688
997
688
997
688
997
688
997
688
997
688
997
688
997
688
997
688
997
688
997
688
997
688
997
688
997
688
997
688
997
688
997
688
997
689
997
690
997
690
997
690
997
691
997
692
997
692
997
692
997
693
997
694
997
695
997
696
997
696
997
697
997
698
997
698
997
698
997
698
997
698
997
698
997
698
997
698
997
698
997
698
997
698
997
698
997
698
997
698
997
697
997
696
997
696
997
695
997
694
997
693
997
693
997
692
997
691
997
690
997
689
997
688
997
687
997
685
997
683
997
681
997
679
997
677
996
676
994
675
992
673
990
672
988
671
986
669
983
667
980
665
977
663
973
662
969
661
965
659
961
658
957
657
953
656
948
655
944
654
939
653
934
652
929
651
925
650
920
649
915
648
910
647
905
646
900
645
895
644
890
643
885
642
880
641
875
640
870
639
865
638
860
637
855
636
850
635
846
634
841
633
836
632
832
631
828
630
824
629
819
628
815
627
811
627
807
626
803
625
799
625
795
625
791
624
787
623
784
622
781
622
778
622
775
622
772
622
769
622
766
622
764
621
762
620
761
620
760
620
759
620
759
620
759
620
758
620
758
620
758
620
759
620
760
620
761
620
762
620
764
620
766
620
767
620
769
620
771
620
773
620
775
620
777
620
779
620
781
620
783
620
785
621
787
621
789
621
791
621
793
621
795
621
797
621
798
621
800
621
802
621
804
622
805
622
807
622
809
622
810
622
811
622
812
623
813
624
814
624
815
624
816
624
817
624
818
624
819
624
820
624
821
625
822
625
823
625
824
625
825
625
826
625
827
625
828
625
829
625
830
625
831
625
833
625
835
625
837
625
839
626
841
626
843
626
845
626
847
627
849
627
851
627
853
627
855
627
857
627
860
627
863
627
865
627
867
628
869
628
872
628
874
628
876
628
878
628
880
628
882
628
884
629
887
630
890
630
893
630
895
630
897
630
900
630
903
631
906
632
909
633
912
633
915
633
918
634
921
635
923
635
925
636
927
636
929
636
931
636
933
636
935
636
938
636
941
636
944
637
947
638
949
639
951
639
953
640
955
641
957
641
959
641
961
641
963
641
965
642
967
642
969
643
970
644
971
645
972
646
973
647
974
648
975
649
976
649
977
649
978
649
979
649
980
649
981
650
982
651
983
651
984
651
985
651
986
651
987
652
988
652
989
652
990
652
991
652
992
652
993
652
994
652
994
652
995
652
995
652
995
653
995
653
995
653
995
653
995
653
996
653
996
653
996
654
996
655
996
656
996
656
996
656
996
657
996
657
996
657
996
657
996
657
996
658
996
658
996
658
996
658
996
658
996
658
996
659
996
660
996
660
996
660
996
660
996
660
996
660
996
660
996
660
996
660
996
660
996
660
996
660
996
661
996
662
996
662
996
662
996
662
996
662
996
662
996
662
996
662
996
662
996
662
996
662
996
662
996
663
996
663
996
664
996
665
996
665
996
665
996
665
996
665
996
665
996
665
996
664
996
664
996
664
996
663
996
662
996
661
996
660
994
659
992
658
990
657
986
656
981
655
976
654
970
653
964
652
957
650
950
648
943
647
936
646
928
644
920
642
912
641
904
640
896
638
889
637
882
636
874
635
866
633
857
631
849
629
841
628
833
627
826
626
819
625
812
624
805
623
798
622
791
621
785
620
779
619
773
618
767
617
761
616
755
615
749
614
743
613
737
612
732
611
727
610
723
609
719
608
714
608
710
607
706
606
702
605
698
604
694
603
690
603
686
603
682
603
679
603
676
602
674
602
671
601
668
600
666
600
664
599
662
598
660
598
659
598
658
598
656
598
654
598
653
598
652
598
651
598
651
598
651
598
650
598
650
598
650
598
651
598
652
598
653
598
655
598
657
598
659
598
661
598
663
598
665
598
668
598
670
599
672
600
675
600
678
600
681
600
685
600
689
600
693
600
697
601
701
602
704
602
707
602
710
603
714
604
718
604
721
604
724
604
728
604
731
605
734
605
737
605
740
606
743
606
746
606
749
606
751
606
753
607
756
607
759
608
762
609
764
609
766
609
768
610
770
611
773
611
775
611
777
612
779
613
781
613
783
613
785
613
787
613
789
613
791
613
793
613
795
613
797
613
799
613
801
613
803
613
805
614
807
614
809
614
811
614
813
614
815
614
818
614
821
614
824
614
827
615
830
616
833
617
836
618
839
618
842
618
845
619
848
620
851
621
854
622
857
623
860
623
863
623
866
623
869
624
872
624
875
625
878
626
881
626
884
627
887
628
890
628
894
628
897
629
900
629
903
629
907
630
911
631
915
631
919
631
923
632
926
633
929
633
932
633
935
634
938
635
941
635
944
636
947
637
949
637
951
637
953
637
955
637
957
638
959
638
961
638
963
638
965
639
967
639
969
639
971
640
972
641
973
641
974
641
975
641
976
642
977
643
978
644
979
645
980
646
981
646
982
646
983
647
984
648
985
648
986
648
987
648
988
648
989
648
990
648
991
649
992
649
993
649
994
650
995
651
995
651
995
651
995
651
995
652
995
653
995
653
995
653
995
653
995
653
995
653
995
653
995
653
995
653
995
653
995
653
995
653
995
653
995
653
995
653
995
653
996
653
996
653
996
654
996
654
996
654
996
654
996
654
996
654
996
654
996
654
996
654
996
654
996
654
996
654
996
654
996
655
996
655
996
655
996
656
996
656
996
656
996
657
996
658
996
658
996
658
996
658
996
658
996
658
996
658
996
658
996
658
996
658
996
658
996
658
996
657
996
657
996
657
996
657
996
657
996
657
996
656
996
656
996
656
996
656
994
655
991
654
988
654
984
653
979
652
974
651
968
650
961
649
954
647
947
646
939
645
931
644
923
642
915
640
906
638
897
637
888
635
880
633
871
631
862
629
853
627
844
626
835
625
826
623
817
622
808
620
799
618
790
617
782
616
774
615
766
614
758
613
750
612
742
611
735
610
728
609
721
608
714
607
707
606
700
605
694
604
688
603
682
602
675
601
669
600
664
599
658
598
653
597
648
596
643
595
639
594
635
593
631
592
627
592
623
592
619
591
615
590
611
589
608
588
605
587
602
587
599
587
596
587
593
587
591
586
589
586
587
586
585
586
584
586
583
586
582
586
581
586
580
585
580
585
581
585
582
585
582
585
583
585
584
585
586
585
588
585
589
585
591
585
593
585
595
586
598
586
601
586
604
586
607
586
610
587
613
587
616
587
620
587
624
587
628
587
632
587
636
587
640
588
644
589
648
589
651
589
655
589
659
589
662
589
665
589
668
590
671
591
674
591
677
591
680
592
683
592
686
592
689
592
691
592
693
592
695
592
697
592
699
592
701
592
703
592
705
592
708
592
710
593
712
593
714
593
717
594
720
594
723
594
726
594
729
594
732
594
735
594
738
594
740
594
743
594
746
594
749
594
752
595
755
595
758
595
761
595
764
595
767
596
770
597
772
597
774
597
777
597
780
597
783
598
786
599
789
600
792
600
794
600
797
600
799
600
801
600
804
600
807
601
810
602
813
602
816
603
819
604
822
604
825
604
828
604
831
604
834
605
837
606
840
606
843
606
846
606
849
606
852
606
855
606
858
606
860
606
862
606
865
606
868
607
871
607
873
607
876
608
879
608
881
608
883
608
886
609
889
609
891
609
893
609
895
609
897
609
899
609
901
610
903
611
905
611
907
611
909
611
911
611
913
611
915
611
917
611
919
611
922
612
924
612
926
612
928
613
930
614
932
614
934
614
936
614
938
614
940
614
942
614
943
614
944
614
945
614
947
614
949
614
951
614
952
614
953
614
955
614
957
614
959
614
961
615
963
616
965
616
967
616
969
616
971
616
972
616
973
616
974
616
975
616
976
616
977
616
978
616
979
617
980
617
981
617
982
617
983
617
984
618
985
619
986
620
987
620
988
620
989
620
990
620
991
620
992
620
993
621
994
621
995
621
995
622
995
622
995
622
995
622
995
622
995
623
995
624
995
625
995
625
995
625
995
625
995
625
995
625
995
625
996
625
996
625
996
625
996
625
996
625
996
625
996
625
996
625
996
625
996
625
997
625
997
625
997
625
997
625
997
625
997
625
996
625
995
625
993
624
990
623
986
622
982
622
978
621
973
620
968
619
962
618
956
617
949
616
942
615
934
614
926
613
918
612
910
611
902
610
894
609
885
608
876
607
867
606
858
605
850
604
842
603
834
602
826
601
817
600
809
599
802
598
795
597
787
596
779
595
772
594
765
593
757
592
749
591
742
591
735
590
728
589
722
589
716
588
710
587
704
586
698
585
693
585
688
584
682
583
676
582
671
581
666
580
661
579
656
579
651
579
646
579
641
578
637
578
633
578
629
578
625
578
621
577
618
576
614
575
610
574
606
574
602
574
599
574
595
573
592
573
590
573
587
573
584
573
581
573
579
573
577
573
575
573
573
573
572
573
570
573
568
573
566
572
565
572
564
572
564
572
564
572
564
572
564
572
564
572
564
572
565
572
566
572
568
572
570
573
572
573
574
573
576
573
578
573
580
573
583
573
586
573
589
574
592
575
595
575
598
575
601
575
604
575
607
575
609
575
612
575
615
575
618
575
620
576
622
577
624
577
626
577
628
577
630
578
632
579
634
579
636
579
638
579
640
579
642
579
644
580
646
581
649
581
651
581
653
581
655
581
657
581
659
581
661
581
663
581
664
581
666
581
668
581
670
581
672
582
674
583
676
583
678
583
680
583
682
583
684
583
686
583
689
583
692
583
695
583
698
583
701
584
704
584
707
584
710
584
714
584
717
585
720
586
723
587
727
588
730
589
733
589
737
589
741
590
745
591
749
592
753
592
757
592
761
593
765
594
769
595
773
596
777
596
782
597
787
598
791
599
795
599
798
599
802
600
806
601
810
601
814
601
818
601
822
602
826
602
830
602
835
602
840
603
844
604
849
605
854
605
858
605
862
606
866
607
870
607
874
607
878
607
882
608
886
609
891
610
896
611
901
612
905
612
909
612
913
613
917
614
921
615
924
616
927
617
930
618
933
619
936
620
939
621
942
622
945
622
948
622
950
622
952
622
954
622
956
623
958
624
960
624
962
625
964
626
966
627
968
628
970
629
971
629
972
629
973
629
974
629
975
630
976
630
977
631
978
632
979
632
980
632
981
632
982
632
983
632
984
633
985
633
986
633
987
633
988
634
989
635
990
636
991
637
992
637
993
637
994
637
994
637
995
638
996
638
996
638
996
638
996
638
996
638
996
638
996
638
996
638
996
638
996
638
996
638
996
638
996
638
996
639
996
640
997
640
997
640
997
641
997
642
997
643
997
644
997
645
997
646
997
647
997
647
997
647
997
647
997
647
997
647
997
647
997
647
997
647
997
647
997
647
997
647
997
648
997
649
997
649
997
649
997
649
997
649
997
649
997
648
997
647
997
647
997
647
997
646
997
645
997
644
997
643
997
642
997
641
996
640
994
639
991
638
988
637
985
636
981
635
977
634
972
633
967
632
961
631
955
630
949
628
943
626
937
625
931
624
925
623
919
622
913
621
906
620
900
619
894
618
887
617
880
616
873
615
866
614
860
613
854
612
848
611
842
610
836
609
831
608
826
607
820
606
815
605
810
604
805
603
800
602
795
602
791
601
787
600
783
600
779
600
775
600
772
599
769
598
766
598
763
598
760
598
757
598
754
598
752
598
750
598
748
598

